0 0 1.011295 +/- 0.000000 
0 1 0.457891 +/- 0.000000 
0 2 0.004945 +/- 0.000000 
0 3 0.299525 +/- 0.000000 
1 0 0.457891 +/- 0.000000 
1 1 0.988692 +/- 0.000000 
1 2 0.700475 +/- 0.000000 
1 3 0.004951 +/- 0.000000 
2 0 0.004945 +/- 0.000000 
2 1 0.700475 +/- 0.000000 
2 2 0.988705 +/- 0.000000 
2 3 0.457877 +/- 0.000000 
3 0 0.299525 +/- 0.000000 
3 1 0.004951 +/- 0.000000 
3 2 0.457877 +/- 0.000000 
3 3 1.011308 +/- 0.000000 
trace (sum diag) 4.000000 
trace (sum eigs) 4.000000 
occupation numbers [9.50568513e-11 1.00000000e+00 1.00000000e+00 2.00000000e+00] 
