-6.472380271503219880e-03
-4.332304909987516619e-08
-1.605632075601560332e-07
5.093871123386903808e-03
-6.462671177336344087e-03
-4.832107871209970351e-08
-5.339034492524543589e-08
5.103546784084017802e-03
-6.568560808616571989e-02
-1.531478608168987817e-07
1.598799494962507957e-07
-8.062170116732068903e-02
-2.113580434461109480e-07
-5.444113664090708543e-02
-4.886624575436611384e-02
4.819582738045711504e-08
5.417816751594836905e-08
-4.886626038884286233e-02
-1.925283847930467918e-01
-1.897450085469344269e-07
-8.139749422866913997e-02
1.185498590362288474e-07
-1.076581682952050484e-07
-4.287243674137314331e-02
-3.237276904256269905e-02
-3.237272605964914424e-02
