Before optimization:
depth  13
opers  OrderedDict([('u', 17), ('cx', 10)])
After optimization:
depth  24
opers  OrderedDict([('rz', 31), ('sx', 19), ('cx', 9), ('x', 1)])
[[[0. 0.]
  [0. 0.]]

 [[0. 0.]
  [0. 0.]]] [[[0. 0.]
  [0. 0.]]

 [[0. 0.]
  [0. 0.]]]
[[[0. 0.]
  [0. 0.]]

 [[0. 0.]
  [0. 0.]]] [[[0. 0.]
  [0. 0.]]

 [[0. 0.]
  [0. 0.]]]
HS Matrix 1 1
[-0.25415912] 0.1181290112246606
[0.48915795] 0.2715863342150507
[[[ 0.          0.        ]
  [ 0.          0.        ]]

 [[ 0.          0.        ]
  [-0.25415912  0.11812901]]] [[[0.         0.        ]
  [0.         0.        ]]

 [[0.         0.        ]
  [0.48915795 0.27158633]]]
CMatrix 0 0
[0.50739802] 0.2713727508334232
[[[0.50739802 0.27137275]
  [0.         0.        ]]

 [[0.         0.        ]
  [0.         0.        ]]]
CMatrix 0 1
[0.42374121+0.02531112j] (-0.08941055210117688+0j)
[[[ 0.50739802  0.27137275]
  [ 0.42374121 -0.08941055]]

 [[ 0.          0.        ]
  [ 0.          0.        ]]]
CMatrix 1 0
[0.42687362-0.02367534j] (-0.09081682062880925+0j)
[[[ 0.50739802  0.27137275]
  [ 0.42374121 -0.08941055]]

 [[ 0.42687362 -0.09081682]
  [ 0.          0.        ]]]
CMatrix 1 1
[0.49307008] 0.27557024726969687
[[[ 0.50739802  0.27137275]
  [ 0.42374121 -0.08941055]]

 [[ 0.42687362 -0.09081682]
  [ 0.49307008  0.27557025]]]
HS Matrix 0 0
[-0.22796836] 0.1543619714113842
[0.48839571] 0.273097013483966
[[[-0.22796836  0.15436197]
  [ 0.          0.        ]]

 [[ 0.          0.        ]
  [ 0.          0.        ]]] [[[0.48839571 0.27309701]
  [0.         0.        ]]

 [[0.         0.        ]
  [0.         0.        ]]]
HS Matrix 1 0
[0.19756557+0.01122756j] (0.014043118908412802+0j)
[-0.41709675-0.02659957j] (-0.08661355139567384+0j)
[[[-0.22796836  0.15436197]
  [ 0.          0.        ]]

 [[ 0.19756557  0.01404312]
  [ 0.          0.        ]]] [[[ 0.48839571  0.27309701]
  [ 0.          0.        ]]

 [[-0.41709675 -0.08661355]
  [ 0.          0.        ]]]
HS Matrix 1 1
[-0.24059964] 0.15302936118903704
[0.50843232] 0.27767905230727824
[[[-0.22796836  0.15436197]
  [ 0.          0.        ]]

 [[ 0.19756557  0.01404312]
  [-0.24059964  0.15302936]]] [[[ 0.48839571  0.27309701]
  [ 0.          0.        ]]

 [[-0.41709675 -0.08661355]
  [ 0.50843232  0.27767905]]]
CMatrix 0 0
[0.48882814] 0.27241081986409166
[[[0.48882814 0.27241082]
  [0.         0.        ]]

 [[0.         0.        ]
  [0.         0.        ]]]
CMatrix 0 1
[-0.34142654+0.01811993j] (-0.05810864127086129+0j)
[[[ 0.48882814  0.27241082]
  [-0.34142654 -0.05810864]]

 [[ 0.          0.        ]
  [ 0.          0.        ]]]
CMatrix 1 0
[-0.3875421-0.02031074j] (-0.07489078012939444+0j)
[[[ 0.48882814  0.27241082]
  [-0.34142654 -0.05810864]]

 [[-0.3875421  -0.07489078]
  [ 0.          0.        ]]]
CMatrix 1 1
[0.51080711] 0.28611379688380945
[[[ 0.48882814  0.27241082]
  [-0.34142654 -0.05810864]]

 [[-0.3875421  -0.07489078]
  [ 0.51080711  0.2861138 ]]]
