-3.072392604878368516e+00
1.421304546713593187e+00
3.707437003283662880e-01
8.032755236767689100e-01
1.363947234145716392e+00
2.483099737522520556e+00
1.302123584873760676e+00
-2.006843296724856618e+00
-2.868819718857824164e+00
-3.000958780185098096e+00
1.735143491859423959e+00
-1.324984753748338351e+00
1.291330832187476796e+00
3.001053912303039084e+00
1.647820414131327960e-01
-1.670153069770814458e+00
-2.696647405300440781e+00
2.350298508735102765e-01
2.484426977424159411e+00
-2.820227683637368976e+00
3.092969626528077942e+00
1.188818004401640760e+00
-2.633027623598693356e+00
1.736009583883886709e+00
8.029298393989391380e-01
-1.102720809632087157e-01
2.427753196553956716e+00
-1.587082936190588933e+00
-8.422837557756692739e-01
-9.631998240072208173e-01
2.519792038961512937e+00
3.988618454299543425e-01
5.220472238389799458e-01
2.647245949677267340e+00
-1.168538068337306557e+00
2.669992024633163208e+00
