1.331328104772900423e+00
3.105275861631440759e-01
3.141592653589793116e+00
1.364323579795578611e+00
8.840653266920598385e-01
1.534559749272816687e+00
-1.809256807263689426e+00
2.543658930112584926e+00
-1.311932990628200235e+00
3.140411323363020202e+00
-2.343644195594201562e+00
3.622000479387829652e-01
-4.893477678388087337e-01
-5.298232948207596271e-01
2.044713454287745424e+00
2.861918651527692870e+00
2.266789260469133538e+00
2.798308818923360697e+00
2.742135106595708915e-01
-1.406589260770453764e+00
-1.755982857550495657e+00
3.108685662770766189e+00
-2.589517394189014166e+00
-1.627237676221721996e+00
2.476131780731098964e+00
2.584859150330488742e+00
2.300793179282942802e+00
1.775190195030030837e+00
-2.388278426009228239e-01
-3.141592653589793116e+00
-1.876104368158756808e+00
6.493299791316766711e-01
1.262756615951026840e+00
-2.098761112310355337e+00
8.949592400245631740e-01
1.017804605458880185e-01
