0 0 1.022603 +/- 0.000000 
0 1 0.915768 +/- 0.000000 
0 2 0.009896 +/- 0.000000 
0 3 -0.400950 +/- 0.000000 
1 0 0.915768 +/- 0.000000 
1 1 0.977397 +/- 0.000000 
1 2 0.400950 +/- 0.000000 
1 3 0.009896 +/- 0.000000 
2 0 0.009896 +/- 0.000000 
2 1 0.400950 +/- 0.000000 
2 2 0.977397 +/- 0.000000 
2 3 0.915768 +/- 0.000000 
3 0 -0.400950 +/- 0.000000 
3 1 0.009896 +/- 0.000000 
3 2 0.915768 +/- 0.000000 
3 3 1.022603 +/- 0.000000 
trace (sum diag) 4.000000 
trace (sum eigs) 4.000000 
occupation numbers [1.33226763e-15 1.33226763e-15 2.00000000e+00 2.00000000e+00] 
