-8.394798715593071101e-03
-4.549817867634989107e-08
-1.758976118622237383e-07
4.988814522801556656e-03
-8.385534618407936014e-03
7.505101724860510669e-08
2.509615678317341808e-08
4.994692413252081221e-03
-5.630193075991588025e-02
1.998314128416671227e-07
1.545118246607984577e-07
-8.339316352898752671e-02
-1.247006282960885590e-08
-5.728910605343273676e-02
-4.699347660992485992e-02
-3.837601122754350231e-08
-1.774622657130047399e-08
-4.699338753122742074e-02
-2.016210762741537099e-01
-4.619990863319690609e-08
-8.426886808353055425e-02
1.947480727173532827e-08
-2.239255126478430245e-08
-3.644904052591101812e-02
-3.722369291539166791e-02
-3.722380883302039284e-02
