0 0 1.022825 +/- 0.000000 
0 1 0.898778 +/- 0.000000 
0 2 0.008537 +/- 0.000000 
0 3 -0.380768 +/- 0.000000 
1 0 0.898778 +/- 0.000000 
1 1 0.977175 +/- 0.000000 
1 2 0.390334 +/- 0.000000 
1 3 0.008537 +/- 0.000000 
2 0 0.008537 +/- 0.000000 
2 1 0.390334 +/- 0.000000 
2 2 0.977175 +/- 0.000000 
2 3 0.898778 +/- 0.000000 
3 0 -0.380768 +/- 0.000000 
3 1 0.008537 +/- 0.000000 
3 2 0.898778 +/- 0.000000 
3 3 1.022825 +/- 0.000000 
trace (sum diag) 4.000000 
trace (sum eigs) 4.000000 
occupation numbers [0.0157784  0.02764851 1.97465597 1.98191712] 
