3.797761741448347789e-03
-5.907802925619338570e-09
-5.595720355356555600e-09
-3.537505735640436837e-03
3.797951662817107988e-03
-2.216629980308603240e-09
-3.061385813089333535e-09
-3.537405422473298509e-03
-4.854897291014359517e-02
-5.426103189969901432e-09
-3.511324571519134688e-09
-4.758006179525811619e-02
-5.599040113241209216e-09
-5.014466233416089297e-02
-4.395748534747449116e-02
-5.689329243644361493e-09
-5.169299933314216402e-09
-4.395748472833892195e-02
-8.571659586909322059e-02
-5.535366320514933404e-09
-4.760993827323631300e-02
-5.483447484791020249e-09
-5.936765527145223212e-09
-3.459275932895764655e-02
-3.485518259220551224e-03
-3.485515588634296481e-03
