0 0 0.944183 +/- 0.000000 
0 1 0.799764 +/- 0.000000 
0 2 -0.106108 +/- 0.000000 
0 3 -0.479372 +/- 0.000000 
1 0 0.799764 +/- 0.000000 
1 1 0.805823 +/- 0.000000 
1 2 0.229377 +/- 0.000000 
1 3 -0.106108 +/- 0.000000 
2 0 -0.106108 +/- 0.000000 
2 1 0.229377 +/- 0.000000 
2 2 0.805826 +/- 0.000000 
2 3 0.799763 +/- 0.000000 
3 0 -0.479372 +/- 0.000000 
3 1 -0.106108 +/- 0.000000 
3 2 0.799763 +/- 0.000000 
3 3 0.944177 +/- 0.000000 
trace (sum diag) 3.500010 
trace (sum eigs) 3.500010 
occupation numbers [7.47764893e-12 8.04022656e-06 1.50000161e+00 2.00000000e+00] 
