0.0 0.0 0.0
0.01 0.0 0.0
0.02 0.0 0.0
0.03 0.0 0.0
0.04 0.0 0.0
0.05 0.0 0.0
0.06 0.0 0.0
0.07 0.0 0.0
0.08 0.0 0.0
0.09 0.0 0.0
0.1 0.0 0.0
0.11 1.17373533878194e-309 0.0
0.12 1.8866962625456e-293 0.0
0.13 1.115679147106351e-277 0.0
0.14 2.4270692093743904e-262 0.0
0.15 1.9423635679537668e-247 0.0
0.16 5.718530010756111e-233 0.0
0.17 6.193609266425309e-219 0.0
0.18 2.4677929599164758e-205 0.0
0.19 3.617255255115719e-192 0.0
0.2 1.950541117341064e-179 0.0
0.21 3.8693372218574104e-167 0.0
0.22 2.823732619287618e-155 0.0
0.23 7.58081814333849e-144 0.0
0.24 7.487108111358813e-133 0.0
0.25 2.720305302935576e-122 0.0
0.26 3.636023739987745e-112 0.0
0.27 1.7878920373833453e-102 0.0
0.28 3.2341591577845094e-93 0.0
0.29 2.152221693794092e-84 0.0
0.3 5.2688779556980403e-76 0.0
0.31 4.745202947451317e-68 0.0
0.32 1.5721607949573054e-60 0.0
0.33 1.9162168321667536e-53 0.0
0.34 8.592071006752281e-47 0.0
0.35000000000000003 1.4172830144964713e-40 0.0
0.36 8.600443067316022e-35 0.0
0.37 1.9199529510385822e-29 0.0
0.38 1.5767609855531761e-24 0.0
0.39 4.763724781807397e-20 0.0
0.4 5.294597839064595e-16 0.0
0.41000000000000003 2.164835053446768e-12 0.0
0.42 3.256283158284101e-09 0.0
0.43 1.801876547252601e-06 0.0
0.44 0.0003668034572408149 0.0
0.45 0.02746928316070273 0.0
0.46 0.7567749536086945 0.0
0.47000000000000003 7.6699351531190425 0.0
0.48 28.5971104178074 0.0
0.49 39.22456450326913 0.0
0.5 19.792453202921745 0.0
0.51 3.6740633569564762 0.0
0.52 0.25089914056438917 0.0
0.53 0.006303143931109379 0.0
0.54 5.825333489567041e-05 0.0
0.55 1.9805685557931814e-07 0.0
0.56 2.47721946944754e-10 0.0
0.5700000000000001 1.1398418744225433e-13 0.0
0.58 1.929435427986181e-17 0.0
0.59 1.2014934508745345e-21 0.0
0.6 2.7524414229988417e-26 0.0
0.61 2.3196383516693324e-31 0.0
0.62 7.191640905713421e-37 0.0
0.63 8.202405310875214e-43 0.0
0.64 3.441596688952723e-49 0.0
0.65 5.3123201845919425e-56 0.0
0.66 3.016574314744755e-63 0.0
0.67 6.301578239808149e-71 0.0
0.68 4.842728869615143e-79 0.0
0.6900000000000001 1.3691041755198022e-87 0.0
0.7000000000000001 1.4239290596339712e-96 0.0
0.71 5.448108268188941e-106 0.0
0.72 7.668468253592635e-116 0.0
0.73 3.970791070117576e-126 0.0
0.74 7.563990368237007e-137 0.0
0.75 5.300665708297164e-148 0.0
0.76 1.3665180819298756e-159 0.0
0.77 1.2960025845370347e-171 0.0
0.78 4.5217013086353993e-184 0.0
0.79 5.803679107394207e-197 0.0
0.8 2.740377739099199e-210 0.0
0.81 4.760175757700014e-224 0.0
0.8200000000000001 3.0418728993058366e-238 0.0
0.8300000000000001 7.150965078223286e-253 0.0
0.84 6.184345848925565e-268 0.0
0.85 1.9675618736970603e-283 0.0
0.86 2.302865355370773e-299 0.0
0.87 9.9154916e-316 0.0
0.88 0.0 0.0
0.89 0.0 0.0
0.9 0.0 0.0
0.91 0.0 0.0
0.92 0.0 0.0
0.93 0.0 0.0
0.9400000000000001 0.0 0.0
0.9500000000000001 0.0 0.0
0.96 0.0 0.0
0.97 0.0 0.0
0.98 0.0 0.0
0.99 0.0 0.0
1.0 0.0 0.0
