0.0 1.0 0.0
0.25 0.9925623580403766 -0.12173728024449693
0.5 0.9703600691973456 -0.24166368388180007
0.75 0.9337233988211042 -0.35799527160839034
1.0 0.8831973277853549 -0.4690015780280579
1.25 0.8195334457420782 -0.5730313528159834
1.5 0.7436787710120697 -0.6685371235361411
1.75 0.6567616634185401 -0.7540982147331422
2.0 0.560075039614383 -0.8284418808829908
2.25 0.4550571405798785 -0.8904622388441099
2.5 0.3432701373797678 -0.9392367181830549
2.75 0.22637689342513423 -0.9740397846716454
3.0 0.10611622890804472 -0.9943537328146033
3.25 -0.015722944642491733 -0.9998763868657811
3.5 -0.13732823492742452 -0.9905255957781798
3.75 -0.25689072872768287 -0.9664404552240972
4.0 -0.3726319000018947 -0.9279792385075099
4.25 -0.4828300659662102 -0.875714067146957
4.5 -0.5858459976145293 -0.8104224004055149
4.75 -0.680147303715378 -0.7330754703635236
5.0 -0.7643312255665506 -0.6448238345656391
5.25 -0.837145503429075 -0.5469802611506933
5.5 -0.8975070042463709 -0.44100020105290755
5.75 -0.9445178335559894 -0.32846013775601496
6.0 -0.977478691924671 -0.21103413665384635
6.25 -0.995899277225959 -0.09046894285229867
6.5 -0.9995055780235382 0.03144200216005064
6.75 -0.9882439495691466 0.15288523846327964
7.0 -0.9622819117834363 0.27205426343730604
7.25 -0.9220056573495915 0.38717640400126097
7.5 -0.8680143069875201 0.49653918562886373
7.75 -0.8011109973630413 0.5985158058932056
8.0 -0.7222909342019559 0.6915893336147296
8.25 -0.6327265883223184 0.7743752736432119
8.5 -0.5337502547981302 0.845642161616207
8.75 -0.42683423469185017 0.904329882341075
9.0 -0.31356893415807374 0.949565439309461
9.25 -0.19563920670044035 0.9806759407682144
9.5 -0.07479929049740261 0.9971986091752661
9.75 0.0471532863887431 0.9988876651469579
10.0 0.16840444475213068 0.9857179834961552
10.25 0.28715053918656724 0.9578854669765398
10.5 0.4016251878230388 0.9158041321735281
10.75 0.510125547761521 0.8600999508900161
11.0 0.6110376453425902 0.7916015386380846
11.25 0.7028603844638404 0.7113278287479989
11.5 0.7842278758105994 0.6204729154456262
11.75 0.8539297548472885 0.5203882913617963
12.0 0.9109291863335314 0.41256274369570795
12.25 0.9543782875427346 0.29860020808264254
12.5 0.9836307407583751 0.18019590959600165
12.75 0.9982514074335356 0.05911114579303419
13.0 0.9980228010003347 -0.06285291308639751
13.25 0.982948322044372 -0.18388201703851734
13.5 0.9532522077200523 -0.3021758237795446
13.75 0.9093761961592477 -0.4159746793483197
14.0 0.8519729554911698 -0.5235857934585709
14.25 0.7818963752186409 -0.6234084202350417
14.5 0.7001888643693047 -0.7139576697628672
14.75 0.6080658453653809 -0.7938865962466457
15.0 0.5068976742700496 -0.8620062342115715
15.25 0.39818925635194546 -0.9173032847024394
15.5 0.28355766019201323 -0.9589551883933006
15.75 0.16470806332924667 -0.9863423613909771
16.0 0.043408387260668285 -0.9990574117213824
16.25 -0.07853700089288915 -0.9969111994008044
16.5 -0.19931412885999872 -0.9799356499468624
16.75 -0.31712640257119845 -0.9483832794773694
17.0 -0.43022133100586224 -0.902723438461384
17.25 -0.5369165949936962 -0.843635329997728
17.5 -0.6356250721900452 -0.7719979064760473
17.75 -0.7248784459713755 -0.6888767949104714
18.0 -0.8033490470619392 -0.5955084454352214
18.25 -0.8698696029912003 -0.4932817387578133
18.5 -0.9234506016032448 -0.383717326164203
18.75 -0.9632950103310417 -0.26844500939916593
19.0 -0.9888101322821704 -0.14917949690261315
19.25 -0.9996164227733743 -0.027694897034701904
19.5 -0.9955531351654824 0.09420167228971485
19.75 -0.9766807120153076 0.21469696499315424
20.0 -0.9432798859754531 0.33199857938571986
20.25 -0.895847503816399 0.4443616206491363
20.5 -0.8350891356897274 0.5501146566425803
20.75 -0.7619085795717928 0.6476845809303269
21.0 -0.6773944170122177 0.7356200131866164
21.25 -0.5828038201742746 0.812612888890074
21.5 -0.47954385104201624 0.8775179171548536
21.75 -0.36915053097377887 0.9293696172577287
22.0 -0.25326599194836585 0.9673966804379733
22.25 -0.13361404938563123 0.9910334433341662
22.5 -0.011974559902685089 0.9999283023872947
22.75 0.10984305455862152 0.9939489440435216
23.0 0.2300267223968096 0.973184312955866
23.25 0.34678867743033315 0.9379432889072347
23.5 0.45839205242710035 0.8887500921359561
23.75 0.5631767154976882 0.8263364854108984
24.0 0.6595839650285391 0.751630888852521
24.25 0.746179715811008 0.6657445694199866
24.5 0.8216758314660051 0.5699551104996332
24.75 0.8849492858383623 0.4656874074893721
25.0 0.9350588683297392 0.3544924720750886
