0 0 1.000000 +/- 0.000000 
0 1 0.000000 +/- 0.000000 
0 2 0.000000 +/- 0.000000 
0 3 1.000000 +/- 0.000000 
1 0 0.000000 +/- 0.000000 
1 1 1.000000 +/- 0.000000 
1 2 1.000000 +/- 0.000000 
1 3 -0.000000 +/- 0.000000 
2 0 0.000000 +/- 0.000000 
2 1 1.000000 +/- 0.000000 
2 2 1.000000 +/- 0.000000 
2 3 0.000000 +/- 0.000000 
3 0 1.000000 +/- 0.000000 
3 1 -0.000000 +/- 0.000000 
3 2 0.000000 +/- 0.000000 
3 3 1.000000 +/- 0.000000 
trace (sum diag) 4.000000 
trace (sum eigs) 4.000000 
occupation numbers [-2.32064813e-15  4.12492467e-15  2.00000000e+00  2.00000000e+00] 
