0 0 1.000000 +/- 0.000000 
0 1 0.458360 +/- 0.000000 
0 2 -0.000014 +/- 0.000000 
0 3 0.490630 +/- 0.000000 
1 0 0.458360 +/- 0.000000 
1 1 1.000000 +/- 0.000000 
1 2 0.490630 +/- 0.000000 
1 3 -0.000014 +/- 0.000000 
2 0 -0.000014 +/- 0.000000 
2 1 0.490630 +/- 0.000000 
2 2 1.000000 +/- 0.000000 
2 3 0.458360 +/- 0.000000 
3 0 0.490630 +/- 0.000000 
3 1 -0.000014 +/- 0.000000 
3 2 0.458360 +/- 0.000000 
3 3 1.000000 +/- 0.000000 
trace (sum diag) 4.000000 
trace (sum eigs) 4.000000 
occupation numbers [0.05099603 0.96774396 1.03228369 1.94897631] 
