0 0 1.000001 +/- 0.000000 
0 1 0.500000 +/- 0.000000 
0 2 0.000000 +/- 0.000000 
0 3 0.499999 +/- 0.000000 
1 0 0.500000 +/- 0.000000 
1 1 0.999999 +/- 0.000000 
1 2 0.500001 +/- 0.000000 
1 3 -0.000000 +/- 0.000000 
2 0 0.000000 +/- 0.000000 
2 1 0.500001 +/- 0.000000 
2 2 0.999999 +/- 0.000000 
2 3 0.500000 +/- 0.000000 
3 0 0.499999 +/- 0.000000 
3 1 -0.000000 +/- 0.000000 
3 2 0.500000 +/- 0.000000 
3 3 1.000001 +/- 0.000000 
trace (sum diag) 4.000000 
trace (sum eigs) 4.000000 
occupation numbers [1.17994503e-12 1.00000000e+00 1.00000000e+00 2.00000000e+00] 
