8.580028789508006683e-08
7.625737280343337418e-08
2.286548617176968962e-07
-2.173488243792003184e-08
-2.702817367592578145e-09
1.172093580723067848e-07
-1.070248614798892220e-07
6.717065330459804895e-08
-7.182771443629166509e-03
1.979954021828468281e-07
8.595034315526164101e-08
1.260041215402401549e-01
1.495335065435036426e-07
-4.581314319611107244e-02
6.147013683645517063e-02
3.541255450743934690e-07
3.666526159648906342e-08
6.147176722253520215e-02
-7.565957255970698903e-01
1.325171740526115099e-07
1.656155676054227033e-01
5.657356057284456355e-08
1.403450944902877109e-07
-7.958384617090639643e-03
8.854715623640704858e-02
8.854685227857159169e-02
