0 0 0.803482 +/- 0.000000 
0 1 0.742238 +/- 0.000000 
0 2 0.183424 +/- 0.000000 
0 3 -0.181828 +/- 0.000000 
1 0 0.742238 +/- 0.000000 
1 1 1.196527 +/- 0.000000 
1 2 0.181828 +/- 0.000000 
1 3 0.183416 +/- 0.000000 
2 0 0.183424 +/- 0.000000 
2 1 0.181828 +/- 0.000000 
2 2 1.196512 +/- 0.000000 
2 3 0.742249 +/- 0.000000 
3 0 -0.181828 +/- 0.000000 
3 1 0.183416 +/- 0.000000 
3 2 0.742249 +/- 0.000000 
3 3 0.803479 +/- 0.000000 
trace (sum diag) 4.000000 
trace (sum eigs) 4.000000 
occupation numbers [4.42617054e-10 4.40983006e-01 1.55901699e+00 2.00000000e+00] 
