-9.293116475967812609e-03
-1.583284315625811668e-07
-1.212182717219562218e-07
6.706332320386031685e-03
-9.268860914901115231e-03
-6.849536498998785164e-08
-1.243289840407881000e-07
6.721310941965881469e-03
-6.724121833205738696e-02
-6.094235095593941743e-08
-1.266788478595341409e-07
-8.886092180779232852e-02
-3.031338274146187508e-08
-5.681952648654822746e-02
-5.379768198413113767e-02
-3.437243000588567636e-07
-7.003783539148760875e-08
-5.379800431786745107e-02
-2.157686051847696740e-01
1.780661392991292841e-08
-8.999808050863138120e-02
-6.368503169289352859e-08
-2.997895679412167681e-08
-4.095743496199603234e-02
-3.590335808216733871e-02
-3.590318709138684561e-02
