0 0 1.032319 +/- 0.000000 
0 1 0.883443 +/- 0.000000 
0 2 0.016312 +/- 0.000000 
0 3 -0.372087 +/- 0.000000 
1 0 0.883443 +/- 0.000000 
1 1 0.967684 +/- 0.000000 
1 2 0.428060 +/- 0.000000 
1 3 0.016315 +/- 0.000000 
2 0 0.016312 +/- 0.000000 
2 1 0.428060 +/- 0.000000 
2 2 0.967686 +/- 0.000000 
2 3 0.883445 +/- 0.000000 
3 0 -0.372087 +/- 0.000000 
3 1 0.016315 +/- 0.000000 
3 2 0.883445 +/- 0.000000 
3 3 1.032311 +/- 0.000000 
trace (sum diag) 4.000000 
trace (sum eigs) 4.000000 
occupation numbers [0.00305757 0.05597379 1.94096864 2.        ] 
