0 0 1.021077 +/- 0.000000 
0 1 0.851650 +/- 0.000000 
0 2 0.006840 +/- 0.000000 
0 3 -0.352719 +/- 0.000000 
1 0 0.851650 +/- 0.000000 
1 1 0.978923 +/- 0.000000 
1 2 0.419038 +/- 0.000000 
1 3 0.006840 +/- 0.000000 
2 0 0.006840 +/- 0.000000 
2 1 0.419038 +/- 0.000000 
2 2 0.978923 +/- 0.000000 
2 3 0.851650 +/- 0.000000 
3 0 -0.352719 +/- 0.000000 
3 1 0.006840 +/- 0.000000 
3 2 0.851650 +/- 0.000000 
3 3 1.021077 +/- 0.000000 
trace (sum diag) 4.000000 
trace (sum eigs) 4.000000 
occupation numbers [0.02912198 0.10037587 1.90455881 1.96594333] 
