rank 0 size 2
I am processor 0 of 2 and I will handle matrix elements [(0, 0), (0, 2), (0, 4), (0, 6), (1, 2), (1, 4), (1, 6), (2, 2), (2, 4), (2, 6), (3, 4), (3, 6), (4, 4), (4, 6), (5, 6), (6, 6)] 
rank 1 size 2
I am processor 1 of 2 and I will handle matrix elements [(0, 1), (0, 3), (0, 5), (0, 7), (1, 1), (1, 3), (1, 5), (1, 7), (2, 3), (2, 5), (2, 7), (3, 3), (3, 5), (3, 7), (4, 5), (4, 7), (5, 5), (5, 7), (6, 7), (7, 7)] 
S [1.16814871 0.        ]
H [-0.64019569  0.        ]
S [0.98306501 0.        ]
H [-0.56290224  0.        ]
S [0.23362973 0.        ]
H [-0.38314588  0.        ]
S [0.33897834 0.        ]
H [-0.55591451  0.        ]
S [0.33897835 0.        ]
H [-0.23175816  0.        ]
S [0.23362975 0.        ]
H [-0.15973173  0.        ]
S [0.33897834 0.        ]
H [-0.67725391  0.        ]
S [0.23362974 0.        ]
H [-0.55919982  0.        ]
S [0.32204331 0.        ]
H [-0.16557203  0.        ]
S [0.46725949 0.        ]
H [-0.24023198  0.        ]
S [-0.67795669  0.        ]
H [1.17249873 0.        ]
S [-0.46725949  0.        ]
H [0.85431878 0.        ]
S [0.93451895 0.        ]
H [-0.55969542  0.        ]
S [1.00000003 0.        ]
H [-0.62908835  0.        ]
S [0. 0.]
H [0.08802696 0.        ]
S [0. 0.]
H [0.0606697 0.       ]
S [1.51693503 0.        ]
H [-0.73680495  0.        ]
S [0.16102165 0.        ]
H [-0.17379057  0.        ]
S [0.16102164 0.        ]
H [-0.26407076  0.        ]
S [0.16102165 0.        ]
H [-0.38541018  0.        ]
S [0.23362973 0.        ]
H [-0.25215643  0.        ]
S [0.67795669 0.        ]
H [-0.28150719  0.        ]
S [0.23362973 0.        ]
H [-0.46677509  0.        ]
S [-0.32204331  0.        ]
H [0.58881125 0.        ]
S [0.46725946 0.        ]
H [-0.19401962  0.        ]
S [0.93451895 0.        ]
H [-0.69833248  0.        ]
S [-0.46725946  0.        ]
H [0.80810638 0.        ]
S [0. 0.]
H [0.04181461 0.        ]
S [0.99999997 0.        ]
H [-0.62908831  0.        ]
S [0.16102166 0.        ]
H [-0.05245117  0.        ]
S [0. 0.]
H [0.0606697 0.       ]
S [0.23362975 0.        ]
H [-0.07610251  0.        ]
S [1.51693505 0.        ]
H [-2.7304077  0.       ]
S [1.16814866 0.        ]
H [-2.17541258  0.        ]
S [0. 0.]
H [-0.0606697  0.       ]
S [0. 0.]
H [-0.04181461  0.        ]
S [-1.00000003  0.        ]
H [1.94331916 0.        ]
S [-0.93451895  0.        ]
H [1.92650604 0.        ]
S [0.46725949 0.        ]
H [-0.19401963  0.        ]
S [0.32204331 0.        ]
H [-0.16557203  0.        ]
S [-0.46725949  0.        ]
H [0.80810643 0.        ]
S [-0.6779567  0.       ]
H [1.17249876 0.        ]
S [0. 0.]
H [-0.08802696  0.        ]
S [0.33897835 0.        ]
H [-0.11041875  0.        ]
S [-0.93451895  0.        ]
H [1.78786898 0.        ]
S [0.98306491 0.        ]
H [-1.85487634  0.        ]
S [0.6779567 0.       ]
H [-0.2815072  0.       ]
S [0. 0.]
H [-0.0606697  0.       ]
S [-0.32204331  0.        ]
H [0.58881126 0.        ]
S [-0.99999997  0.        ]
H [1.94331905 0.        ]
S [0.33897834 0.        ]
H [-0.11041875  0.        ]
S [0.46725946 0.        ]
H [-0.24023197  0.        ]
S [0.98306501 0.        ]
H [-1.85487653  0.        ]
S [-0.46725946  0.        ]
H [0.85431874 0.        ]
S [0.23362974 0.        ]
H [-0.25215643  0.        ]
S [0.23362973 0.        ]
H [-0.07610251  0.        ]
S [0.23362975 0.        ]
H [-0.46677514  0.        ]
S [1.16814871 0.        ]
H [-2.17541267  0.        ]
S [0.16102165 0.        ]
H [-0.17379056  0.        ]
S [0.33897834 0.        ]
H [-0.23175814  0.        ]
S [0.16102165 0.        ]
H [-0.38541018  0.        ]
S [0.33897835 0.        ]
H [-0.67725394  0.        ]
S [0.16102164 0.        ]
H [-0.05245116  0.        ]
S [1.51693505 0.        ]
H [-0.73680497  0.        ]
S [1.51693503 0.        ]
H [-2.73040765  0.        ]
S [0.16102166 0.        ]
H [-0.2640708  0.       ]
S [0.23362973 0.        ]
H [-0.15973171  0.        ]
S [0.23362973 0.        ]
H [-0.55919981  0.        ]
S [1.16814866 0.        ]
H [-0.64019567  0.        ]
S [0.23362975 0.        ]
H [-0.38314592  0.        ]
S [0.98306491 0.        ]
H [-0.56290219  0.        ]
S [0.33897835 0.        ]
H [-0.55591453  0.        ]
S_matrix_IP None
H_matrix_IP None
S_matrix_EA None
H_matrix_EA None
[(0, 1), (0, 3), (0, 5), (0, 7), (1, 1), (1, 3), (1, 5), (1, 7)]
I am processor 1 of 2 and I will handle matrix elements [(0, 1), (0, 3), (0, 5), (0, 7), (1, 1), (1, 3), (1, 5), (1, 7)] 
S_matrix_IP [[[0.98306501 0.        ]
  [1.16814871 0.        ]
  [0.23362975 0.        ]
  [0.33897835 0.        ]
  [0.46725949 0.        ]
  [0.32204331 0.        ]
  [1.00000003 0.        ]
  [0.93451895 0.        ]]

 [[1.16814871 0.        ]
  [1.51693503 0.        ]
  [0.16102165 0.        ]
  [0.23362973 0.        ]
  [0.67795669 0.        ]
  [0.46725946 0.        ]
  [0.93451895 0.        ]
  [0.99999997 0.        ]]

 [[0.23362975 0.        ]
  [0.16102165 0.        ]
  [0.16102166 0.        ]
  [0.23362975 0.        ]
  [0.         0.        ]
  [0.         0.        ]
  [0.46725949 0.        ]
  [0.32204331 0.        ]]

 [[0.33897835 0.        ]
  [0.23362973 0.        ]
  [0.23362975 0.        ]
  [0.33897835 0.        ]
  [0.         0.        ]
  [0.         0.        ]
  [0.6779567  0.        ]
  [0.46725946 0.        ]]

 [[0.46725949 0.        ]
  [0.67795669 0.        ]
  [0.         0.        ]
  [0.         0.        ]
  [0.33897834 0.        ]
  [0.23362973 0.        ]
  [0.23362974 0.        ]
  [0.33897834 0.        ]]

 [[0.32204331 0.        ]
  [0.46725946 0.        ]
  [0.         0.        ]
  [0.         0.        ]
  [0.23362973 0.        ]
  [0.16102164 0.        ]
  [0.16102165 0.        ]
  [0.23362973 0.        ]]

 [[1.00000003 0.        ]
  [0.93451895 0.        ]
  [0.46725949 0.        ]
  [0.6779567  0.        ]
  [0.23362974 0.        ]
  [0.16102165 0.        ]
  [1.51693505 0.        ]
  [1.16814866 0.        ]]

 [[0.93451895 0.        ]
  [0.99999997 0.        ]
  [0.32204331 0.        ]
  [0.46725946 0.        ]
  [0.33897834 0.        ]
  [0.23362973 0.        ]
  [1.16814866 0.        ]
  [0.98306491 0.        ]]]
H_matrix_IP [[[-0.56290224  0.        ]
  [-0.64019569  0.        ]
  [-0.15973173  0.        ]
  [-0.23175816  0.        ]
  [-0.24023198  0.        ]
  [-0.16557203  0.        ]
  [-0.62908835  0.        ]
  [-0.55969542  0.        ]]

 [[-0.64019569  0.        ]
  [-0.73680495  0.        ]
  [-0.17379057  0.        ]
  [-0.25215643  0.        ]
  [-0.28150719  0.        ]
  [-0.19401962  0.        ]
  [-0.69833248  0.        ]
  [-0.62908831  0.        ]]

 [[-0.15973173  0.        ]
  [-0.17379057  0.        ]
  [-0.05245117  0.        ]
  [-0.07610251  0.        ]
  [-0.0606697   0.        ]
  [-0.04181461  0.        ]
  [-0.19401963  0.        ]
  [-0.16557203  0.        ]]

 [[-0.23175816  0.        ]
  [-0.25215643  0.        ]
  [-0.07610251  0.        ]
  [-0.11041875  0.        ]
  [-0.08802696  0.        ]
  [-0.0606697   0.        ]
  [-0.2815072   0.        ]
  [-0.24023197  0.        ]]

 [[-0.24023198  0.        ]
  [-0.28150719  0.        ]
  [-0.0606697   0.        ]
  [-0.08802696  0.        ]
  [-0.11041875  0.        ]
  [-0.07610251  0.        ]
  [-0.25215643  0.        ]
  [-0.23175814  0.        ]]

 [[-0.16557203  0.        ]
  [-0.19401962  0.        ]
  [-0.04181461  0.        ]
  [-0.0606697   0.        ]
  [-0.07610251  0.        ]
  [-0.05245116  0.        ]
  [-0.17379056  0.        ]
  [-0.15973171  0.        ]]

 [[-0.62908835  0.        ]
  [-0.69833248  0.        ]
  [-0.19401963  0.        ]
  [-0.2815072   0.        ]
  [-0.25215643  0.        ]
  [-0.17379056  0.        ]
  [-0.73680497  0.        ]
  [-0.64019567  0.        ]]

 [[-0.55969542  0.        ]
  [-0.62908831  0.        ]
  [-0.16557203  0.        ]
  [-0.24023197  0.        ]
  [-0.23175814  0.        ]
  [-0.15973171  0.        ]
  [-0.64019567  0.        ]
  [-0.56290219  0.        ]]]
S_matrix_EA [[[ 0.33897834  0.        ]
  [ 0.23362973  0.        ]
  [ 0.23362974  0.        ]
  [ 0.33897834  0.        ]
  [-0.46725949  0.        ]
  [-0.67795669  0.        ]
  [ 0.          0.        ]
  [ 0.          0.        ]]

 [[ 0.23362973  0.        ]
  [ 0.16102164  0.        ]
  [ 0.16102165  0.        ]
  [ 0.23362973  0.        ]
  [-0.32204331  0.        ]
  [-0.46725946  0.        ]
  [ 0.          0.        ]
  [ 0.          0.        ]]

 [[ 0.23362974  0.        ]
  [ 0.16102165  0.        ]
  [ 1.51693505  0.        ]
  [ 1.16814866  0.        ]
  [-1.00000003  0.        ]
  [-0.93451895  0.        ]
  [-0.46725949  0.        ]
  [-0.6779567   0.        ]]

 [[ 0.33897834  0.        ]
  [ 0.23362973  0.        ]
  [ 1.16814866  0.        ]
  [ 0.98306491  0.        ]
  [-0.93451895  0.        ]
  [-0.99999997  0.        ]
  [-0.32204331  0.        ]
  [-0.46725946  0.        ]]

 [[-0.46725949  0.        ]
  [-0.32204331  0.        ]
  [-1.00000003  0.        ]
  [-0.93451895  0.        ]
  [ 0.98306501  0.        ]
  [ 1.16814871  0.        ]
  [ 0.23362975  0.        ]
  [ 0.33897835  0.        ]]

 [[-0.67795669  0.        ]
  [-0.46725946  0.        ]
  [-0.93451895  0.        ]
  [-0.99999997  0.        ]
  [ 1.16814871  0.        ]
  [ 1.51693503  0.        ]
  [ 0.16102165  0.        ]
  [ 0.23362973  0.        ]]

 [[ 0.          0.        ]
  [ 0.          0.        ]
  [-0.46725949  0.        ]
  [-0.32204331  0.        ]
  [ 0.23362975  0.        ]
  [ 0.16102165  0.        ]
  [ 0.16102166  0.        ]
  [ 0.23362975  0.        ]]

 [[ 0.          0.        ]
  [ 0.          0.        ]
  [-0.6779567   0.        ]
  [-0.46725946  0.        ]
  [ 0.33897835  0.        ]
  [ 0.23362973  0.        ]
  [ 0.23362975  0.        ]
  [ 0.33897835  0.        ]]]
H_matrix_EA [[[-0.55591451  0.        ]
  [-0.38314588  0.        ]
  [-0.55919982  0.        ]
  [-0.67725391  0.        ]
  [ 0.85431878  0.        ]
  [ 1.17249873  0.        ]
  [ 0.0606697   0.        ]
  [ 0.08802696  0.        ]]

 [[-0.38314588  0.        ]
  [-0.26407076  0.        ]
  [-0.38541018  0.        ]
  [-0.46677509  0.        ]
  [ 0.58881125  0.        ]
  [ 0.80810638  0.        ]
  [ 0.04181461  0.        ]
  [ 0.0606697   0.        ]]

 [[-0.55919982  0.        ]
  [-0.38541018  0.        ]
  [-2.7304077   0.        ]
  [-2.17541258  0.        ]
  [ 1.94331916  0.        ]
  [ 1.92650604  0.        ]
  [ 0.80810643  0.        ]
  [ 1.17249876  0.        ]]

 [[-0.67725391  0.        ]
  [-0.46677509  0.        ]
  [-2.17541258  0.        ]
  [-1.85487634  0.        ]
  [ 1.78786898  0.        ]
  [ 1.94331905  0.        ]
  [ 0.58881126  0.        ]
  [ 0.85431874  0.        ]]

 [[ 0.85431878  0.        ]
  [ 0.58881125  0.        ]
  [ 1.94331916  0.        ]
  [ 1.78786898  0.        ]
  [-1.85487653  0.        ]
  [-2.17541267  0.        ]
  [-0.46677514  0.        ]
  [-0.67725394  0.        ]]

 [[ 1.17249873  0.        ]
  [ 0.80810638  0.        ]
  [ 1.92650604  0.        ]
  [ 1.94331905  0.        ]
  [-2.17541267  0.        ]
  [-2.73040765  0.        ]
  [-0.38541018  0.        ]
  [-0.55919981  0.        ]]

 [[ 0.0606697   0.        ]
  [ 0.04181461  0.        ]
  [ 0.80810643  0.        ]
  [ 0.58881126  0.        ]
  [-0.46677514  0.        ]
  [-0.38541018  0.        ]
  [-0.2640708   0.        ]
  [-0.38314592  0.        ]]

 [[ 0.08802696  0.        ]
  [ 0.0606697   0.        ]
  [ 1.17249876  0.        ]
  [ 0.85431874  0.        ]
  [-0.67725394  0.        ]
  [-0.55919981  0.        ]
  [-0.38314592  0.        ]
  [-0.55591453  0.        ]]]
[(0, 0), (0, 2), (0, 4), (0, 6), (1, 0), (1, 2), (1, 4), (1, 6)]
I am processor 0 of 2 and I will handle matrix elements [(0, 0), (0, 2), (0, 4), (0, 6), (1, 0), (1, 2), (1, 4), (1, 6)] 
C_matrix_IP None
C_matrix_EA None
C_matrix_IP [[[0.66102168+0.j 0.        +0.j]
  [0.70088922+0.j 0.        +0.j]
  [0.23362975+0.j 0.        +0.j]
  [0.33897835+0.j 0.        +0.j]
  [0.23362974+0.j 0.        +0.j]
  [0.16102165+0.j 0.        +0.j]
  [0.83897836+0.j 0.        +0.j]
  [0.7008892 +0.j 0.        +0.j]]

 [[0.70088922+0.j 0.        +0.j]
  [0.83897833+0.j 0.        +0.j]
  [0.16102165+0.j 0.        +0.j]
  [0.23362973+0.j 0.        +0.j]
  [0.33897834+0.j 0.        +0.j]
  [0.23362973+0.j 0.        +0.j]
  [0.7008892 +0.j 0.        +0.j]
  [0.66102163+0.j 0.        +0.j]]]
C_matrix_EA [[[ 0.33897834+0.j  0.        +0.j]
  [ 0.23362973+0.j  0.        +0.j]
  [ 0.7008892 +0.j  0.        +0.j]
  [ 0.66102163+0.j  0.        +0.j]
  [-0.70088922+0.j  0.        +0.j]
  [-0.83897833+0.j  0.        +0.j]
  [-0.16102165+0.j  0.        +0.j]
  [-0.23362973+0.j  0.        +0.j]]

 [[-0.23362974+0.j  0.        +0.j]
  [-0.16102165+0.j  0.        +0.j]
  [-0.83897836+0.j  0.        +0.j]
  [-0.7008892 +0.j  0.        +0.j]
  [ 0.66102168+0.j  0.        +0.j]
  [ 0.70088922+0.j  0.        +0.j]
  [ 0.23362975+0.j  0.        +0.j]
  [ 0.33897835+0.j  0.        +0.j]]]
operators saved
We got operators fine
p mpiexec -n 2 python -m mpi4py parallel_diagonalization.py
Done
Time taken by parallel code:  46.13196659088135
0.49599117976049356
0.49599117976049356
1.432174257846045
1.432174257846045
(3001, 2, 2)
