-10.0 -0.08383355618923627
-9.99 -0.08850568498313827
-9.98 -0.09358863848553778
-9.97 -0.09906056510881944
-9.96 -0.10489941280029536
-9.950000000000001 -0.11108302768559342
-9.940000000000001 -0.11758925184797464
-9.930000000000001 -0.12439601976234649
-9.920000000000002 -0.13148145290975144
-9.910000000000002 -0.13882395210765464
-9.900000000000002 -0.14640228710323955
-9.890000000000002 -0.15419568299119257
-9.880000000000003 -0.162183903033982
-9.870000000000003 -0.17034732748135917
-9.860000000000003 -0.17866702800664525
-9.850000000000003 -0.1871248374001806
-9.840000000000003 -0.195703414185043
-9.830000000000004 -0.20438630184660744
-9.820000000000004 -0.2131579823956199
-9.810000000000004 -0.22200392401404745
-9.800000000000004 -0.23091062256389727
-9.790000000000004 -0.23986563677128658
-9.780000000000005 -0.24885761693114739
-9.770000000000005 -0.25787632701192975
-9.760000000000005 -0.2669126600742666
-9.750000000000005 -0.2759586469526647
-9.740000000000006 -0.2850074581847224
-9.730000000000006 -0.29405339920789286
-9.720000000000006 -0.30309189887926946
-9.710000000000006 -0.31211949140913986
-9.700000000000006 -0.3211337918337791
-9.690000000000007 -0.33013346518717546
-9.680000000000007 -0.3391181895647446
-9.670000000000007 -0.3480886133044738
-9.660000000000007 -0.35704630654223646
-9.650000000000007 -0.36599370742793136
-9.640000000000008 -0.3749340633176126
-9.630000000000008 -0.38387136728362337
-9.620000000000008 -0.39281029030986203
-9.610000000000008 -0.401756109562478
-9.600000000000009 -0.41071463314750645
-9.590000000000009 -0.41969212178595683
-9.580000000000009 -0.42869520785366344
-9.57000000000001 -0.43773081224769017
-9.56000000000001 -0.44680605955305674
-9.55000000000001 -0.4559281919931739
-9.54000000000001 -0.465104482654342
-9.53000000000001 -0.4743421484791075
-9.52000000000001 -0.4836482635251058
-9.51000000000001 -0.49302967298519396
-9.50000000000001 -0.5024929084612582
-9.49000000000001 -0.512044104978044
-9.480000000000011 -0.5216889202147241
-9.470000000000011 -0.5314324564207058
-9.460000000000012 -0.541279185468619
-9.450000000000012 -0.5512328774811914
-9.440000000000012 -0.5612965334504119
-9.430000000000012 -0.5714723222466094
-9.420000000000012 -0.581761522392277
-9.410000000000013 -0.5921644689506127
-9.400000000000013 -0.6026805058519158
-9.390000000000013 -0.6133079439525333
-9.380000000000013 -0.6240440250907882
-9.370000000000013 -0.6348848923727755
-9.360000000000014 -0.6458255668879334
-9.350000000000014 -0.6568599310202543
-9.340000000000014 -0.6679807184860027
-9.330000000000014 -0.6791795111929941
-9.320000000000014 -0.6904467429801411
-9.310000000000015 -0.7017717102592145
-9.300000000000015 -0.7131425895437742
-9.290000000000015 -0.7245464618133197
-9.280000000000015 -0.735969343623831
-9.270000000000016 -0.7473962248395847
-9.260000000000016 -0.7588111128252053
-9.250000000000016 -0.7701970829019227
-9.240000000000016 -0.7815363348378521
-9.230000000000016 -0.7928102551091567
-9.220000000000017 -0.8039994846372784
-9.210000000000017 -0.8150839916772188
-9.200000000000017 -0.8260431495032989
-9.190000000000017 -0.8368558185120856
-9.180000000000017 -0.8475004323372732
-9.170000000000018 -0.8579550875486677
-9.160000000000018 -0.8681976364867152
-9.150000000000018 -0.8782057827658774
-9.140000000000018 -0.8879571789642318
-9.130000000000019 -0.8974295260033429
-9.120000000000019 -0.9066006737116561
-9.110000000000019 -0.9154487220564982
-9.10000000000002 -0.9239521225243115
-9.09000000000002 -0.9320897791259315
-9.08000000000002 -0.9398411485037499
-9.07000000000002 -0.9471863386202108
-9.06000000000002 -0.9541062055126188
-9.05000000000002 -0.9605824476072549
-9.04000000000002 -0.9665976970966903
-9.03000000000002 -0.9721356078975227
-9.020000000000021 -0.9771809397217426
-9.010000000000021 -0.9817196378133803
-9.000000000000021 -0.985738907922834
-8.990000000000022 -0.9892272861144042
-8.980000000000022 -0.9921747030277421
-8.970000000000022 -0.9945725422412046
-8.960000000000022 -0.9964136924142037
-8.950000000000022 -0.9976925929165743
-8.940000000000023 -0.9984052726853552
-8.930000000000023 -0.9985493820833311
-8.920000000000023 -0.9981242175686931
-8.910000000000023 -0.9971307390214108
-8.900000000000023 -0.9955715796088609
-8.890000000000024 -0.993451048111015
-8.880000000000024 -0.9907751236635962
-8.870000000000024 -0.9875514429161572
-8.860000000000024 -0.9837892796404799
-8.850000000000025 -0.9794995168631881
-8.840000000000025 -0.9746946116345154
-8.830000000000025 -0.9693885525827644
-8.820000000000025 -0.9635968104408816
-8.810000000000025 -0.9573362817674649
-8.800000000000026 -0.9506252261194457
-8.790000000000026 -0.9434831969672284
-8.780000000000026 -0.9359309666751976
-8.770000000000026 -0.9279904459010164
-8.760000000000026 -0.9196845977958543
-8.750000000000027 -0.9110373474144497
-8.740000000000027 -0.9020734867686282
-8.730000000000027 -0.8928185759804335
-8.720000000000027 -0.8832988410111298
-8.710000000000027 -0.8735410684601619
-8.700000000000028 -0.8635724979433392
-8.690000000000028 -0.8534207125721276
-8.680000000000028 -0.8431135280659119
-8.670000000000028 -0.8326788810362735
-8.660000000000029 -0.8221447169868252
-8.650000000000029 -0.8115388785737727
-8.640000000000029 -0.8008889946713145
-8.63000000000003 -0.790222370781966
-8.62000000000003 -0.7795658813253321
-8.61000000000003 -0.7689458643293059
-8.60000000000003 -0.7583880190356094
-8.59000000000003 -0.7479173069168314
-8.58000000000003 -0.7375578565848098
-8.57000000000003 -0.7273328730504365
-8.56000000000003 -0.7172645517728351
-8.550000000000031 -0.7073739979115119
-8.540000000000031 -0.6976811511685477
-8.530000000000031 -0.6882047165794862
-8.520000000000032 -0.6789621015811966
-8.510000000000032 -0.6699693596530749
-8.500000000000032 -0.6612411407944048
-8.490000000000032 -0.6527906490659086
-8.480000000000032 -0.6446296073875144
-8.470000000000033 -0.6367682297474253
-8.460000000000033 -0.6292152009398433
-8.450000000000033 -0.6219776639104062
-8.440000000000033 -0.6150612147496981
-8.430000000000033 -0.6084699053363365
-8.420000000000034 -0.602206253592269
-8.410000000000034 -0.5962712612743304
-8.400000000000034 -0.5906644391878586
-8.390000000000034 -0.5853838396706363
-8.380000000000035 -0.580426096158599
-8.370000000000035 -0.5757864696090558
-8.360000000000035 -0.5714589015225324
-8.350000000000035 -0.5674360732711627
-8.340000000000035 -0.5637094714099082
-8.330000000000036 -0.5602694586168551
-8.320000000000036 -0.5571053498807863
-8.310000000000036 -0.5542054935280536
-8.300000000000036 -0.551557356656819
-8.290000000000036 -0.5491476145249863
-8.280000000000037 -0.5469622434187551
-8.270000000000037 -0.5449866165118358
-8.260000000000037 -0.5432056022109859
-8.250000000000037 -0.5416036644717526
-8.240000000000038 -0.540164964559251
-8.230000000000038 -0.5388734637224175
-8.220000000000038 -0.5377130262465584
-8.210000000000038 -0.5366675223481516
-8.200000000000038 -0.5357209303777457
-8.190000000000039 -0.5348574378014579
-8.180000000000039 -0.5340615404388784
-8.170000000000039 -0.5333181394452926
-8.16000000000004 -0.5326126355386909
-8.15000000000004 -0.5319310199873055
-8.14000000000004 -0.5312599618910099
-8.13000000000004 -0.5305868913099494
-8.12000000000004 -0.5299000778160861
-8.11000000000004 -0.5291887040676988
-8.10000000000004 -0.5284429340333547
-8.09000000000004 -0.527653975520123
-8.080000000000041 -0.5268141366908261
-8.070000000000041 -0.5259168762866755
-8.060000000000041 -0.5249568473046025
-8.050000000000042 -0.5239299339127341
-8.040000000000042 -0.5228332814226846
-8.030000000000042 -0.5216653191733918
-8.020000000000042 -0.5204257762178903
-8.010000000000042 -0.5191156897416567
-8.000000000000043 -0.5177374061785636
-7.990000000000043 -0.5162945750280323
-7.980000000000043 -0.5147921354144056
-7.970000000000043 -0.5132362954666352
-7.9600000000000435 -0.5116345046330144
-7.950000000000044 -0.509995419081607
-7.940000000000044 -0.5083288603720395
-7.930000000000044 -0.5066457676183496
-7.920000000000044 -0.5049581433953132
-7.9100000000000446 -0.5032789936720876
-7.900000000000045 -0.5016222620867787
-7.890000000000045 -0.5000027589037055
-7.880000000000045 -0.4984360850213718
-7.870000000000045 -0.4969385514235054
-7.860000000000046 -0.4955270944876735
-7.850000000000046 -0.4942191875860673
-7.840000000000046 -0.49303274943070763
-7.830000000000046 -0.4919860496306647
-7.8200000000000465 -0.4910976119418111
-7.810000000000047 -0.4903861156999141
-7.800000000000047 -0.4898702959357786
-7.790000000000047 -0.4895688426762903
-7.780000000000047 -0.4895002999379121
-7.7700000000000475 -0.48968296491913765
-7.760000000000048 -0.49013478789585596
-7.750000000000048 -0.4908732733184138
-7.740000000000048 -0.49191538260147594
-7.730000000000048 -0.4932774390875656
-7.720000000000049 -0.494975035652639
-7.710000000000049 -0.4970229454069779
-7.700000000000049 -0.49943503592759964
-7.690000000000049 -0.5022241874389035
-7.6800000000000495 -0.5054022153369111
-7.67000000000005 -0.5089797974290764
-7.66000000000005 -0.5129664062365071
-7.65000000000005 -0.517370246678595
-7.64000000000005 -0.522198199431787
-7.6300000000000505 -0.5274557702244724
-7.620000000000051 -0.5331470452991609
-7.610000000000051 -0.539274653241177
-7.600000000000051 -0.5458397333403375
-7.590000000000051 -0.552841910618677
-7.580000000000052 -0.5602792776233052
-7.570000000000052 -0.5681483830492182
-7.560000000000052 -0.5764442272225176
-7.550000000000052 -0.5851602644400957
-7.540000000000052 -0.5942884121276908
-7.530000000000053 -0.6038190667445202
-7.520000000000053 -0.6137411263294721
-7.510000000000053 -0.6240420195514493
-7.500000000000053 -0.6347077410949249
-7.4900000000000535 -0.6457228931813117
-7.480000000000054 -0.6570707329975687
-7.470000000000054 -0.6687332257755647
-7.460000000000054 -0.6806911032394387
-7.450000000000054 -0.6929239271134497
-7.440000000000055 -0.7054101573599139
-7.430000000000055 -0.7181272247957511
-7.420000000000055 -0.7310516077170486
-7.410000000000055 -0.7441589121440755
-7.400000000000055 -0.7574239552842232
-7.390000000000056 -0.770820851797716
-7.380000000000056 -0.784323102440462
-7.370000000000056 -0.7979036846502989
-7.360000000000056 -0.8115351446370869
-7.3500000000000565 -0.8251896905336111
-7.340000000000057 -0.8388392861631502
-7.330000000000057 -0.8524557449807619
-7.320000000000057 -0.8660108237488873
-7.310000000000057 -0.8794763155136196
-7.3000000000000576 -0.8928241414560874
-7.290000000000058 -0.9060264412035435
-7.280000000000058 -0.9190556611970706
-7.270000000000058 -0.9318846407271639
-7.260000000000058 -0.9444866952646698
-7.250000000000059 -0.9568356967326779
-7.240000000000059 -0.9689061503847223
-7.230000000000059 -0.980673267976097
-7.220000000000059 -0.9921130369379223
-7.2100000000000595 -1.0032022852878066
-7.20000000000006 -1.013918742036388
-7.19000000000006 -1.0242410928754189
-7.18000000000006 -1.0341490309604857
-7.17000000000006 -1.0436233026294621
-7.1600000000000605 -1.0526457479265279
-7.150000000000061 -1.06119933583062
-7.140000000000061 -1.06926819411656
-7.130000000000061 -1.0768376338065493
-7.120000000000061 -1.0838941681990648
-7.110000000000062 -1.0904255264913625
-7.100000000000062 -1.0964206620405417
-7.090000000000062 -1.1018697553363492
-7.080000000000062 -1.1067642117864023
-7.0700000000000625 -1.1110966544412118
-7.060000000000063 -1.114860911812056
-7.050000000000063 -1.118052000959352
-7.040000000000063 -1.120666106052469
-7.030000000000063 -1.1227005526239233
-7.0200000000000635 -1.1241537777613246
-7.010000000000064 -1.1250252964993739
-7.000000000000064 -1.1253156646913949
-6.990000000000064 -1.1250264386553444
-6.980000000000064 -1.124160131902845
-6.970000000000065 -1.1227201692715139
-6.960000000000065 -1.1207108387905849
-6.950000000000065 -1.1181372416175908
-6.940000000000065 -1.115005240389661
-6.930000000000065 -1.1113214063365517
-6.920000000000066 -1.1070929655043589
-6.910000000000066 -1.1023277444382673
-6.900000000000066 -1.0970341156704113
-6.890000000000066 -1.0912209433543882
-6.8800000000000665 -1.0848975293816472
-6.870000000000067 -1.0780735603066125
-6.860000000000067 -1.0707590553972768
-6.850000000000067 -1.062964316116025
-6.840000000000067 -1.0546998773218452
-6.830000000000068 -1.0459764604697819
-6.820000000000068 -1.036804929066729
-6.810000000000068 -1.0271962466244546
-6.800000000000068 -1.0171614373313227
-6.790000000000068 -1.0067115496434043
-6.780000000000069 -0.9958576229740792
-6.770000000000069 -0.9846106576385059
-6.760000000000069 -0.9729815881859736
-6.750000000000069 -0.9609812602290511
-6.7400000000000695 -0.9486204108539429
-6.73000000000007 -0.9359096526714716
-6.72000000000007 -0.9228594615430703
-6.71000000000007 -0.9094801679909232
-6.70000000000007 -0.8957819522763311
-6.690000000000071 -0.8817748431055192
-6.680000000000071 -0.8674687198975874
-6.670000000000071 -0.8528733185253976
-6.660000000000071 -0.837998240416842
-6.650000000000071 -0.8228529648814507
-6.640000000000072 -0.8074468645056667
-6.630000000000072 -0.7917892234396406
-6.620000000000072 -0.7758892583789243
-6.610000000000072 -0.7597561420264092
-6.6000000000000725 -0.7433990288030536
-6.590000000000073 -0.7268270825607175
-6.580000000000073 -0.7100495060366823
-6.570000000000073 -0.6930755717773838
-6.560000000000073 -0.6759146542484404
-6.5500000000000735 -0.6585762628395249
-6.540000000000074 -0.6410700754657397
-6.530000000000074 -0.6234059724621965
-6.520000000000074 -0.6055940704654093
-6.510000000000074 -0.5876447559738769
-6.500000000000075 -0.5695687182808995
-6.490000000000075 -0.5513769814752472
-6.480000000000075 -0.5330809352096764
-6.470000000000075 -0.514692363943632
-6.4600000000000755 -0.49622347437448
-6.450000000000076 -0.47768692078149044
-6.440000000000076 -0.4590958280183237
-6.430000000000076 -0.44046381190291406
-6.420000000000076 -0.42180499676845473
-6.4100000000000765 -0.40313402995530545
-6.400000000000077 -0.3844660930413404
-6.390000000000077 -0.36581690962704094
-6.380000000000077 -0.3472027495117924
-6.370000000000077 -0.3286404291188869
-6.360000000000078 -0.3101473080488619
-6.350000000000078 -0.2917412816636573
-6.340000000000078 -0.2734407696276724
-6.330000000000078 -0.25526470035593374
-6.320000000000078 -0.23723249134414537
-6.310000000000079 -0.21936402538022082
-6.300000000000079 -0.20167962266190698
-6.290000000000079 -0.1842000088700705
-6.280000000000079 -0.1669462792720786
-6.2700000000000795 -0.14993985895426198
-6.26000000000008 -0.13320245930662178
-6.25000000000008 -0.11675603090651276
-6.24000000000008 -0.10062271297097891
-6.23000000000008 -0.0848247795694742
-6.220000000000081 -0.06938458280990323
-6.210000000000081 -0.054324493230973436
-6.200000000000081 -0.03966683765279888
-6.190000000000081 -0.025433834755305362
-6.180000000000081 -0.011647528670278962
-6.170000000000082 0.0016702791123588412
-6.160000000000082 0.014498099210213944
-6.150000000000082 0.02681482486063924
-6.140000000000082 0.03859980314423006
-6.1300000000000825 0.049832906576223635
-6.120000000000083 0.06049460471612955
-6.110000000000083 0.07056603544149387
-6.100000000000083 0.08002907552912397
-6.090000000000083 0.08886641018647345
-6.080000000000084 0.09706160117713813
-6.070000000000084 0.10459915318758095
-6.060000000000084 0.11146457808730448
-6.050000000000084 0.11764445674160695
-6.040000000000084 0.12312649804490583
-6.030000000000085 0.12789959485317415
-6.020000000000085 0.13195387650644164
-6.010000000000085 0.1352807576463596
-6.000000000000085 0.13787298304950246
-5.9900000000000855 0.13972466821434204
-5.980000000000086 0.14083133545851556
-5.970000000000086 0.14118994530308382
-5.960000000000086 0.14079892294180518
-5.950000000000086 0.13965817961595928
-5.9400000000000865 0.13776912873879277
-5.930000000000087 0.13513469663811428
-5.920000000000087 0.1317593278108775
-5.910000000000087 0.1276489846094847
-5.900000000000087 0.1228111413060542
-5.890000000000088 0.11725477250780125
-5.880000000000088 0.11099033592380814
-5.870000000000088 0.10402974951075872
-5.860000000000088 0.09638636305250436
-5.8500000000000885 0.08807492425543606
-5.840000000000089 0.07911153946847493
-5.830000000000089 0.06951362916292414
-5.820000000000089 0.05929987833324557
-5.810000000000089 0.048490182004991444
-5.8000000000000895 0.03710558606045822
-5.79000000000009 0.02516822361598292
-5.78000000000009 0.012701247207138833
-5.77000000000009 -0.00027124294080893563
-5.76000000000009 -0.013724274259980573
-5.750000000000091 -0.027632080488863453
-5.740000000000091 -0.041968183290603256
-5.730000000000091 -0.056705476492677986
-5.720000000000091 -0.07181631258628496
-5.7100000000000914 -0.08727259111180707
-5.700000000000092 -0.10304584854655563
-5.690000000000092 -0.11910734930262279
-5.680000000000092 -0.1354281774362387
-5.670000000000092 -0.15197932866552155
-5.6600000000000925 -0.16873180229090579
-5.650000000000093 -0.1856566926119747
-5.640000000000093 -0.2027252794357488
-5.630000000000093 -0.2199091172748434
-5.620000000000093 -0.23718012283919987
-5.610000000000094 -0.2545106604323324
-5.600000000000094 -0.27187362487209854
-5.590000000000094 -0.2892425215670644
-5.580000000000094 -0.3065915433922446
-5.570000000000094 -0.3238956440225731
-5.560000000000095 -0.341130607398612
-5.550000000000095 -0.3582731130168617
-5.540000000000095 -0.3753007967562827
-5.530000000000095 -0.392192306973425
-5.5200000000000955 -0.40892735562055393
-5.510000000000096 -0.4254867641644735
-5.500000000000096 -0.44185250410806454
-5.490000000000096 -0.458007731941946
-5.480000000000096 -0.47393681837985335
-5.470000000000097 -0.4896253717582666
-5.460000000000097 -0.5050602555084307
-5.450000000000097 -0.5202295996368536
-5.440000000000097 -0.5351228061788511
-5.430000000000097 -0.5497305486181658
-5.420000000000098 -0.56404476529445
-5.410000000000098 -0.5780586468488653
-5.400000000000098 -0.5917666177865395
-5.390000000000098 -0.6051643122625194
-5.3800000000000985 -0.6182485442255536
-5.370000000000099 -0.6310172720808445
-5.360000000000099 -0.6434695580592364
-5.350000000000099 -0.6556055225055757
-5.340000000000099 -0.6674262933234016
-5.3300000000000995 -0.6789339508363597
-5.3200000000001 -0.6901314683488211
-5.3100000000001 -0.7010226487089368
-5.3000000000001 -0.7116120571966988
-5.2900000000001 -0.7219049510774143
-5.280000000000101 -0.7319072061772744
-5.270000000000101 -0.7416252408522777
-5.260000000000101 -0.7510659377346292
-5.250000000000101 -0.7602365636518189
-5.2400000000001015 -0.7691446881227928
-5.230000000000102 -0.7777981008429826
-5.220000000000102 -0.7862047285753739
-5.210000000000102 -0.7943725518682299
-5.200000000000102 -0.8023095220216638
-5.1900000000001025 -0.8100234787246945
-5.180000000000103 -0.8175220687820641
-5.170000000000103 -0.8248126663456392
-5.160000000000103 -0.8319022950589363
-5.150000000000103 -0.8387975525150257
-5.140000000000104 -0.8455045374179933
-5.130000000000104 -0.8520287798261545
-5.120000000000104 -0.8583751748415682
-5.110000000000104 -0.8645479200949255
-5.1000000000001044 -0.870550457357858
-5.090000000000105 -0.8763854185961228
-5.080000000000105 -0.8820545767569765
-5.070000000000105 -0.8875588015626485
-5.060000000000105 -0.8928980205590278
-5.0500000000001055 -0.8980711856447545
-5.040000000000106 -0.9030762452808998
-5.030000000000106 -0.9079101225554578
-5.020000000000106 -0.9125686992500515
-5.010000000000106 -0.9170468060287249
-5.000000000000107 -0.9213382188405808
-4.990000000000107 -0.9254356615993977
-4.980000000000107 -0.9293308151744475
-4.970000000000107 -0.9330143326975384
-4.960000000000107 -0.9364758611621524
-4.950000000000108 -0.9397040692612353
-4.940000000000108 -0.9426866813813164
-4.930000000000108 -0.9454105176418568
-4.920000000000108 -0.9478615398404691
-4.9100000000001085 -0.9500249031369723
-4.900000000000109 -0.9518850132822163
-4.890000000000109 -0.9534255891713861
-4.880000000000109 -0.9546297304761913
-4.870000000000109 -0.955479990086114
-4.86000000000011 -0.9559584510657335
-4.85000000000011 -0.9560468078132649
-4.84000000000011 -0.9557264510848866
-4.83000000000011 -0.9549785565303373
-4.82000000000011 -0.953784176367614
-4.810000000000111 -0.9521243338085643
-4.800000000000111 -0.9499801198328699
-4.790000000000111 -0.9473327918951269
-4.780000000000111 -0.9441638741390064
-4.7700000000001115 -0.9404552586832997
-4.760000000000112 -0.9361893075375236
-4.750000000000112 -0.9313489546994207
-4.740000000000112 -0.9259178079833597
-4.730000000000112 -0.9198802501271022
-4.7200000000001125 -0.913221538724982
-4.710000000000113 -0.9059279045378703
-4.700000000000113 -0.8979866477347305
-4.690000000000113 -0.8893862316267667
-4.680000000000113 -0.8801163734633204
-4.670000000000114 -0.8701681318686858
-4.660000000000114 -0.8595339905107635
-4.650000000000114 -0.8482079376060687
-4.640000000000114 -0.836185540880809
-4.6300000000001145 -0.8234640176247252
-4.620000000000115 -0.8100422994927279
-4.610000000000115 -0.7959210917294224
-4.600000000000115 -0.7811029265128839
-4.590000000000115 -0.7655922101367778
-4.5800000000001155 -0.7493952637737684
-4.570000000000116 -0.7325203575882073
-4.560000000000116 -0.714977737992126
-4.550000000000116 -0.6967796478655066
-4.540000000000116 -0.6779403395895669
-4.530000000000117 -0.6584760807702386
-4.520000000000117 -0.6384051525580041
-4.510000000000117 -0.6177478404997887
-4.500000000000117 -0.5965264178883065
-4.4900000000001175 -0.5747651216043208
-4.480000000000118 -0.5524901204773569
-4.470000000000118 -0.5297294762204168
-4.460000000000118 -0.5065130970241614
-4.450000000000118 -0.4828726839256099
-4.4400000000001185 -0.45884167009559507
-4.430000000000119 -0.4344551532178893
-4.420000000000119 -0.4097498211609425
-4.410000000000119 -0.3847638711704442
-4.400000000000119 -0.3595369228373366
-4.39000000000012 -0.3341099251213244
-4.38000000000012 -0.30852505773432193
-4.37000000000012 -0.28282562721140014
-4.36000000000012 -0.25705595801880166
-4.35000000000012 -0.2312612790690538
-4.340000000000121 -0.20548760603241412
-4.330000000000121 -0.17978161985141616
-4.320000000000121 -0.15419054188135561
-4.310000000000121 -0.12876200609386423
-4.3000000000001215 -0.10354392879340824
-4.290000000000122 -0.07858437630740567
-4.280000000000122 -0.053931431119761175
-4.270000000000122 -0.029633056924829204
-4.260000000000122 -0.005736963084202684
-4.250000000000123 0.0177095310278228
-4.240000000000123 0.04065963130267325
-4.230000000000123 0.06306720331277493
-4.220000000000123 0.08488690537884425
-4.210000000000123 0.10607431980861559
-4.200000000000124 0.1265860818323924
-4.190000000000124 0.14638000576884014
-4.180000000000124 0.16541520796410558
-4.170000000000124 0.18365222605899612
-4.1600000000001245 0.20105313415217907
-4.150000000000125 0.21758165344245062
-4.140000000000125 0.2332032579497006
-4.130000000000125 0.24788527493247992
-4.120000000000125 0.2615969796397476
-4.1100000000001256 0.27430968405557504
-4.100000000000126 0.285996819318019
-4.090000000000126 0.2966340115171466
-4.080000000000126 0.3061991506020853
-4.070000000000126 0.3146724521529003
-4.060000000000127 0.3220365118000491
-4.050000000000127 0.32827635210187517
-4.040000000000127 0.333379461719147
-4.030000000000127 0.3373358267547263
-4.0200000000001275 0.34013795415612197
-4.010000000000128 0.3417808871086811
-4.000000000000128 0.3422622123774972
-3.990000000000128 0.3415820595865419
-3.9800000000001283 0.33974309245403955
-3.9700000000001285 0.3367504920334811
-3.9600000000001288 0.33261193203987105
-3.950000000000129 0.32733754637066037
-3.940000000000129 0.3209398889602154
-3.9300000000001294 0.3134338861355263
-3.9200000000001296 0.3048367816690122
-3.91000000000013 0.29516807475164075
-3.90000000000013 0.2844494511360488
-3.8900000000001302 0.27270470772479527
-3.8800000000001305 0.2599596709032127
-3.8700000000001307 0.24624210893946252
-3.860000000000131 0.23158163879620652
-3.850000000000131 0.2160096277187592
-3.8400000000001313 0.19955908998352545
-3.8300000000001315 0.1822645792079598
-3.8200000000001317 0.16416207663904459
-3.810000000000132 0.1452888758514148
-3.800000000000132 0.12568346429860788
-3.7900000000001324 0.10538540217146952
-3.7800000000001326 0.08443519902652508
-3.770000000000133 0.06287418865392058
-3.760000000000133 0.040744402659587786
-3.7500000000001332 0.01808844323922254
-3.7400000000001334 -0.005050644377103453
-3.7300000000001337 -0.02862949933183012
-3.720000000000134 -0.05260457192307677
-3.710000000000134 -0.07693224929366249
-3.7000000000001343 -0.10156897956204913
-3.6900000000001345 -0.12647139393983664
-3.6800000000001347 -0.15159642639067916
-3.670000000000135 -0.17690143039766992
-3.660000000000135 -0.20234429242006524
-3.6500000000001354 -0.2278835416358196
-3.6400000000001356 -0.2534784555835695
-3.630000000000136 -0.2790891613364972
-3.620000000000136 -0.3046767318606889
-3.610000000000136 -0.3302032772323171
-3.6000000000001364 -0.355632030410842
-3.5900000000001366 -0.380927427289655
-3.580000000000137 -0.4060551807707955
-3.570000000000137 -0.4309823486367228
-3.5600000000001373 -0.45567739501921944
-3.5500000000001375 -0.48011024529352087
-3.5400000000001377 -0.5042523342543448
-3.530000000000138 -0.5280766474596674
-3.520000000000138 -0.5515577556576847
-3.5100000000001383 -0.5746718422422377
-3.5000000000001386 -0.5973967237120403
-3.4900000000001388 -0.6197118631391287
-3.480000000000139 -0.6415983766819151
-3.470000000000139 -0.6630390332079956
-3.4600000000001394 -0.684018247121291
-3.4500000000001396 -0.7045220645170132
-3.44000000000014 -0.7245381428163165
-3.43000000000014 -0.7440557240600676
-3.4200000000001403 -0.7630656020680002
-3.4100000000001405 -0.7815600836952261
-3.4000000000001407 -0.7995329444429364
-3.390000000000141 -0.8169793787035557
-3.380000000000141 -0.833895944942955
-3.3700000000001413 -0.8502805061431642
-3.3600000000001415 -0.8661321658484447
-3.3500000000001418 -0.8814512001753763
-3.340000000000142 -0.8962389861638633
-3.330000000000142 -0.9104979268603397
-3.3200000000001424 -0.9242313735372278
-3.3100000000001426 -0.9374435454634522
-3.300000000000143 -0.9501394476498422
-3.290000000000143 -0.9623247870001554
-3.2800000000001432 -0.9740058873036324
-3.2700000000001435 -0.9851896035078731
-3.2600000000001437 -0.9958832357120158
-3.250000000000144 -1.0060944433191081
-3.240000000000144 -1.0158311597835952
-3.2300000000001443 -1.0251015083848736
-3.2200000000001445 -1.0339137194508194
-3.2100000000001447 -1.042276049446301
-3.200000000000145 -1.0501967023307976
-3.190000000000145 -1.057683753576527
-3.1800000000001454 -1.0647450772239224
-3.1700000000001456 -1.0713882763350102
-3.160000000000146 -1.0776206171872604
-3.150000000000146 -1.0834489675308612
-3.1400000000001462 -1.0888797392113552
-3.1300000000001464 -1.093918835436928
-3.1200000000001467 -1.0985716029459716
-3.110000000000147 -1.1028427893053392
-3.100000000000147 -1.1067365055436904
-3.0900000000001473 -1.1102561942971283
-3.0800000000001475 -1.113404603616418
-3.0700000000001477 -1.1161837665563383
-3.060000000000148 -1.1185949866384712
-3.050000000000148 -1.1206388292489382
-3.0400000000001484 -1.1223151190025955
-3.0300000000001486 -1.1236229430749187
-3.020000000000149 -1.1245606604725324
-3.010000000000149 -1.1251259171832018
-3.000000000000149 -1.125315667116146
-2.9900000000001494 -1.125126198714035
-2.9800000000001496 -1.1245531670889968
-2.97000000000015 -1.1235916315066925
-2.96000000000015 -1.1222360980148962
-2.9500000000001503 -1.1204805669865403
-2.9400000000001505 -1.1183185853215867
-2.9300000000001507 -1.1157433030277892
-2.920000000000151 -1.1127475338774089
-2.910000000000151 -1.1093238198153321
-2.9000000000001513 -1.1054644987739732
-2.8900000000001516 -1.1011617755319831
-2.8800000000001518 -1.0964077952369822
-2.870000000000152 -1.091194719197754
-2.860000000000152 -1.0855148025382653
-2.8500000000001524 -1.0793604732948658
-2.8400000000001526 -1.0727244125290112
-2.830000000000153 -1.0655996350208614
-2.820000000000153 -1.0579795701042887
-2.8100000000001533 -1.0498581422011084
-2.8000000000001535 -1.0412298506117956
-2.7900000000001537 -1.032089848121584
-2.780000000000154 -1.0224340179845952
-2.770000000000154 -1.012259048854653
-2.7600000000001543 -1.0015625072394603
-2.7500000000001545 -0.9903429070650627
-2.7400000000001548 -0.9785997759497636
-2.730000000000155 -0.9663337178008953
-2.720000000000155 -0.953546471364151
-2.7100000000001554 -0.9402409643732106
-2.7000000000001556 -0.9264213629673577
-2.690000000000156 -0.9120931160663879
-2.680000000000156 -0.8972629944153092
-2.6700000000001562 -0.8819391240361492
-2.6600000000001565 -0.8661310138502116
-2.6500000000001567 -0.8498495772616415
-2.640000000000157 -0.8331071475215925
-2.630000000000157 -0.8159174867219143
-2.6200000000001573 -0.7982957882976758
-2.6100000000001575 -0.7802586729489653
-2.6000000000001577 -0.7618241779241732
-2.590000000000158 -0.7430117396390159
-2.580000000000158 -0.7238421696380999
-2.5700000000001584 -0.7043376239381911
-2.5600000000001586 -0.684521565824951
-2.550000000000159 -0.6644187222070927
-2.540000000000159 -0.6440550336638438
-2.5300000000001592 -0.6234575983529602
-2.5200000000001594 -0.6026546099772554
-2.5100000000001597 -0.5816752900374778
-2.50000000000016 -0.5605498146282526
-2.49000000000016 -0.5393092360615883
-2.4800000000001603 -0.517985399628959
-2.4700000000001605 -0.49661085583805753
-2.4600000000001607 -0.4752187684839342
-2.450000000000161 -0.45384281893614853
-2.440000000000161 -0.43251710704372814
-2.4300000000001614 -0.41127604907808557
-2.4200000000001616 -0.3901542731503156
-2.410000000000162 -0.3691865125536611
-2.400000000000162 -0.3484074974940725
-2.390000000000162 -0.3278518456817414
-2.3800000000001624 -0.3075539522642501
-2.3700000000001626 -0.28754787958737404
-2.360000000000163 -0.26786724727266154
-2.350000000000163 -0.2485451231016691
-2.3400000000001633 -0.22961391519507723
-2.3300000000001635 -0.21110526597091517
-2.3200000000001637 -0.1930499483597613
-2.310000000000164 -0.1754777647461081
-2.300000000000164 -0.1584174490940462
-2.2900000000001643 -0.14189657270224032
-2.2800000000001646 -0.1259414540176732
-2.2700000000001648 -0.11057707292010366
-2.260000000000165 -0.09582698986956661
-2.250000000000165 -0.08171327028766728
-2.2400000000001654 -0.06825641452001774
-2.2300000000001656 -0.05547529370198423
-2.220000000000166 -0.0433870918231164
-2.210000000000166 -0.03200725425734907
-2.2000000000001663 -0.02134944299638941
-2.1900000000001665 -0.011425498792840827
-2.1800000000001667 -0.002245410387633706
-2.170000000000167 0.006182709036514078
-2.160000000000167 0.013852638067528456
-2.1500000000001673 0.020760055868468186
-2.1400000000001675 0.02690254353485466
-2.1300000000001678 0.0322795780005688
-2.120000000000168 0.03689251852302722
-2.110000000000168 0.04074458581323759
-2.1000000000001684 0.04384083391102145
-2.0900000000001686 0.046188114939852754
-2.080000000000169 0.04779503690940046
-2.070000000000169 0.04867191476669386
-2.0600000000001693 0.04883071492870683
-2.0500000000001695 0.048284993559975176
-2.0400000000001697 0.04704982888839937
-2.03000000000017 0.04514174788052383
-2.02000000000017 0.04257864762418295
-2.0100000000001703 0.03937971179133237
-2.0000000000001705 0.03556532257695877
-1.9900000000001707 0.031156968531194984
-1.980000000000171 0.026177148720857746
-1.9700000000001712 0.020649273673674973
-1.9600000000001714 0.014597563573253036
-1.9500000000001716 0.008046944185298055
-1.9400000000001718 0.0010229410057567279
-1.930000000000172 -0.006448427870768492
-1.9200000000001722 -0.014340759658747482
-1.9100000000001724 -0.022627375059246835
-1.9000000000001727 -0.0312814262006782
-1.8900000000001729 -0.040276003838478736
-1.880000000000173 -0.0495842433142023
-1.8700000000001733 -0.0591794287817744
-1.8600000000001735 -0.06903509521838469
-1.8500000000001737 -0.07912512774960301
-1.840000000000174 -0.08942385783277995
-1.8300000000001742 -0.09990615585952511
-1.8200000000001744 -0.11054751975699939
-1.8100000000001746 -0.1213241591887827
-1.8000000000001748 -0.13221307497909918
-1.790000000000175 -0.14319213340910175
-1.7800000000001752 -0.15424013506056045
-1.7700000000001754 -0.16533687791056872
-1.7600000000001756 -0.17646321441066481
-1.7500000000001759 -0.18760110231481053
-1.740000000000176 -0.198733649052943
-1.7300000000001763 -0.20984514948004818
-1.7200000000001765 -0.22092111686483196
-1.7100000000001767 -0.2319483070167525
-1.700000000000177 -0.24291473548549447
-1.6900000000001771 -0.2538096878024363
-1.6800000000001774 -0.2646237227693772
-1.6700000000001776 -0.2753486688353598
-1.6600000000001778 -0.2859776136378138
-1.650000000000178 -0.29650488681916887
-1.6400000000001782 -0.3069260362644055
-1.6300000000001784 -0.31723779793859475
-1.6200000000001786 -0.3274380595360422
-1.6100000000001788 -0.3375258181841341
-1.600000000000179 -0.3475011324751742
-1.5900000000001793 -0.35736506912823085
-1.5800000000001795 -0.3671196446101699
-1.5700000000001797 -0.37676776207045903
-1.56000000000018 -0.3863131439678824
-1.5500000000001801 -0.39576026078886484
-1.5400000000001803 -0.4051142562765586
-1.5300000000001805 -0.4143808696071105
-1.5200000000001808 -0.4235663549644788
-1.510000000000181 -0.43267739897775925
-1.5000000000001812 -0.4417210364951498
-1.4900000000001814 -0.45070456517629864
-1.4800000000001816 -0.4596354593899503
-1.4700000000001818 -0.4685212839063375
-1.460000000000182 -0.47736960787375415
-1.4500000000001823 -0.48618791956617446
-1.4400000000001825 -0.4949835423835962
-1.4300000000001827 -0.5037635525791342
-1.420000000000183 -0.512534699176654
-1.410000000000183 -0.5213033265301408
-1.4000000000001833 -0.5300752999609344
-1.3900000000001835 -0.5388559348916924
-1.3800000000001837 -0.5476499298763549
-1.370000000000184 -0.5564613039037691
-1.3600000000001842 -0.5652933383289813
-1.3500000000001844 -0.5741485237606716
-1.3400000000001846 -0.583028512205952
-1.3300000000001848 -0.5919340747448878
-1.320000000000185 -0.6008650649767984
-1.3100000000001852 -0.6098203884487599
-1.3000000000001855 -0.6187979782440713
-1.2900000000001857 -0.627794776874725
-1.2800000000001859 -0.6368067245874949
-1.270000000000186 -0.6458287541582344
-1.2600000000001863 -0.6548547922135075
-1.2500000000001865 -0.6638777670830454
-1.2400000000001867 -0.6728896231507999
-1.230000000000187 -0.6818813416368621
-1.2200000000001872 -0.6908429677072934
-1.2100000000001874 -0.6997636437743056
-1.2000000000001876 -0.7086316488152344
-1.1900000000001878 -0.7174344435057769
-1.180000000000188 -0.7261587209309428
-1.1700000000001882 -0.7347904626064758
-1.1600000000001884 -0.7433149995141759
-1.1500000000001886 -0.7517170778268272
-1.1400000000001889 -0.7599809289723565
-1.130000000000189 -0.7680903436627051
-1.1200000000001893 -0.7760287494906803
-1.1100000000001895 -0.7837792916779323
-1.1000000000001897 -0.7913249165393643
-1.09000000000019 -0.7986484572136425
-1.0800000000001901 -0.8057327211963281
-1.0700000000001904 -0.8125605792014252
-1.0600000000001906 -0.819115054868895
-1.0500000000001908 -0.8253794148301343
-1.040000000000191 -0.8313372586403214
-1.0300000000001912 -0.8369726080861402
-1.0200000000001914 -0.8422699953796595
-1.0100000000001916 -0.8472145497539061
-1.0000000000001918 -0.8517920819831546
-0.9900000000001921 -0.8559891663609251
-0.9800000000001923 -0.8597932196811646
-0.9700000000001925 -0.8631925767830102
-0.9600000000001927 -0.8661765622368878
-0.9500000000001929 -0.8687355577691716
-0.9400000000001931 -0.8708610650444832
-0.9300000000001933 -0.8725457634484413
-0.9200000000001936 -0.8737835625394577
-0.9100000000001938 -0.8745696488656871
-0.900000000000194 -0.874900526872483
-0.8900000000001942 -0.8747740536563691
-0.8800000000001944 -0.8741894673536079
-0.8700000000001946 -0.8731474089846825
-0.8600000000001948 -0.8716499376101883
-0.850000000000195 -0.8697005386886802
-0.8400000000001953 -0.8673041255627134
-0.8300000000001955 -0.8644670340353842
-0.8200000000001957 -0.8611970100360626
-0.8100000000001959 -0.8575031904104351
-0.8000000000001961 -0.8533960769062303
-0.7900000000001963 -0.8488875034620067
-0.7800000000001965 -0.8439905969417938
-0.7700000000001967 -0.8387197314931019
-0.760000000000197 -0.8330904767397178
-0.7500000000001972 -0.8271195400533993
-0.7400000000001974 -0.8208247031801821
-0.7300000000001976 -0.8142247535270728
-0.7200000000001978 -0.8073394104434795
-0.710000000000198 -0.8001892468584901
-0.7000000000001982 -0.792795606660115
-0.6900000000001985 -0.7851805182254727
-0.6800000000001987 -0.7773666045317515
-0.6700000000001989 -0.7693769902963137
-0.6600000000001991 -0.761235206610539
-0.6500000000001993 -0.7529650935457952
-0.6400000000001995 -0.7445907012212196
-0.6300000000001997 -0.7361361898316923
-0.6200000000002 -0.7276257291405255
-0.6100000000002002 -0.7190833979448208
-0.6000000000002004 -0.7105330840222561
-0.5900000000002006 -0.7019983850661697
-0.5800000000002008 -0.6935025111112676
-0.570000000000201 -0.6850681889450734
-0.5600000000002012 -0.6767175689904434
-0.5500000000002014 -0.6684721351321006
-0.5400000000002017 -0.6603526179452883
-0.5300000000002019 -0.6523789117673622
-0.5200000000002021 -0.6445699960335511
-0.5100000000002023 -0.6369438612762475
-0.5000000000002025 -0.6295174401632995
-0.4900000000002027 -0.6223065439248017
-0.48000000000020293 -0.6153258044901233
-0.47000000000020314 -0.60858862262742
-0.46000000000020336 -0.6021071223468273
-0.45000000000020357 -0.5958921117961462
-0.4400000000002038 -0.5899530508441266
-0.430000000000204 -0.5842980255118291
-0.4200000000002042 -0.5789337293769763
-0.4100000000002044 -0.5738654520399846
-0.40000000000020464 -0.5690970747037027
-0.39000000000020485 -0.5646310728818817
-0.38000000000020506 -0.5604685262143063
-0.3700000000002053 -0.5566091353296239
-0.3600000000002055 -0.5530512456601284
-0.3500000000002057 -0.5497918780766688
-0.3400000000002059 -0.5468267661762751
-0.33000000000020613 -0.5441504000205295
-0.32000000000020634 -0.5417560760890514
-0.31000000000020655 -0.5396359531801882
-0.30000000000020677 -0.5377811139599695
-0.290000000000207 -0.5361816318310348
-0.2800000000002072 -0.5348266427655473
-0.2700000000002074 -0.5337044217202416
-0.2600000000002076 -0.5328024632280237
-0.25000000000020783 -0.5321075657386856
-0.24000000000020805 -0.531605919261982
-0.23000000000020826 -0.531283195849056
-0.22000000000020847 -0.5311246424335474
-0.2100000000002087 -0.5311151755415215
-0.2000000000002089 -0.5312394773696534
-0.1900000000002091 -0.531482092724141
-0.18000000000020933 -0.5318275263084202
-0.17000000000020954 -0.5322603398460317
-0.16000000000020975 -0.5327652485260219
-0.15000000000020997 -0.5333272162618712
-0.14000000000021018 -0.5339315492612773
-0.1300000000002104 -0.5345639874130648
-0.1200000000002106 -0.5352107930089609
-0.11000000000021082 -0.5358588363320296
-0.10000000000021103 -0.536495677660006
-0.09000000000021124 -0.5371096452505291
-0.08000000000021146 -0.537689908896388
-0.07000000000021167 -0.5382265486620075
-0.060000000000211884 -0.5387106184376473
-0.0500000000002121 -0.5391342039748341
-0.04000000000021231 -0.5394904750953686
-0.030000000000212523 -0.5397737317966289
-0.020000000000212736 -0.5399794440077237
-0.01000000000021295 -0.5401042847841033
-2.1316282072803006e-13 -0.5401461567623982
0.009999999999786624 -0.5401042117322854
0.01999999999978641 -0.5399788632179843
0.029999999999786198 -0.5397717919982341
0.039999999999785985 -0.5394859445302758
0.04999999999978577 -0.539125524280117
0.05999999999978556 -0.5386959759980818
0.06999999999978535 -0.5382039630151756
0.07999999999978513 -0.5376573376718183
0.08999999999978492 -0.5370651050259496
0.0999999999997847 -0.5364373800221895
0.10999999999978449 -0.5357853383373503
0.11999999999978428 -0.5351211611501392
0.12999999999978407 -0.5344579741140465
0.13999999999978385 -0.5338097808421509
0.14999999999978364 -0.5331913912405741
0.15999999999978343 -0.5326183450536739
0.1699999999997832 -0.5321068310083559
0.179999999999783 -0.5316736019672663
0.1899999999997828 -0.5313358865207871
0.19999999999978257 -0.5311112974656633
0.20999999999978236 -0.5310177376337037
0.21999999999978215 -0.5310733035471449
0.22999999999978193 -0.5312961873879591
0.23999999999978172 -0.5317045777765388
0.2499999999997815 -0.5323165598607711
0.2599999999997813 -0.5331500152195301
0.2699999999997811 -0.5342225220849777
0.27999999999978087 -0.53555125638588
0.28999999999978066 -0.5371528941093646
0.29999999999978044 -0.5390435154712194
0.30999999999978023 -0.54123851137495
0.31999999999978 -0.5437524926276487
0.3299999999997798 -0.546599202365945
0.3399999999997796 -0.5497914321284794
0.3499999999997794 -0.5533409419921391
0.35999999999977916 -0.5572583851681032
0.36999999999977895 -0.5615532374305285
0.37999999999977874 -0.5662337317256967
0.3899999999997785 -0.5713067982826654
0.3999999999997783 -0.5767780105181537
0.4099999999997781 -0.582651536998704
0.4199999999997779 -0.5889300996921505
0.42999999999977767 -0.5956149387083949
0.43999999999977746 -0.6027057836964946
0.44999999999977724 -0.6102008320313956
0.45999999999977703 -0.618096733889347
0.4699999999997768 -0.6263885842763988
0.4799999999997766 -0.6350699220395672
0.4899999999997764 -0.6441327358553577
0.4999999999997762 -0.653567477155703
0.509999999999776 -0.6633630799170305
0.5199999999997758 -0.673506987204346
0.5299999999997755 -0.6839851843291753
0.5399999999997753 -0.6947822384479481
0.5499999999997751 -0.7058813443962539
0.5599999999997749 -0.7172643765243902
0.5699999999997747 -0.7289119462710383
0.5799999999997745 -0.7408034651847131
0.5899999999997743 -0.7529172130771769
0.599999999999774 -0.7652304109692265
0.6099999999997738 -0.7777192984674124
0.6199999999997736 -0.7903592151903296
0.6299999999997734 -0.8031246858453187
0.6399999999997732 -0.8159895085407478
0.649999999999773 -0.8289268459056056
0.6599999999997728 -0.8419093185769881
0.6699999999997726 -0.8549091006072684
0.6799999999997723 -0.8678980163362844
0.6899999999997721 -0.8808476382698185
0.6999999999997719 -0.8937293855040234
0.7099999999997717 -0.906514622236168
0.7199999999997715 -0.9191747559051988
0.7299999999997713 -0.9316813345110848
0.7399999999997711 -0.9440061426697186
0.7499999999997708 -0.9561212959700756
0.7599999999997706 -0.9679993332126764
0.7699999999997704 -0.9796133061225696
0.7799999999997702 -0.9909368661464828
0.78999999999977 -1.0019443479619725
0.7999999999997698 -1.0126108493464976
0.8099999999997696 -1.0229123070760362
0.8199999999997694 -1.0328255685461998
0.8299999999997691 -1.0423284588335444
0.8399999999997689 -1.051399842940717
0.8499999999997687 -1.0600196829963358
0.8599999999997685 -1.0681690902085355
0.8699999999997683 -1.0758303714001416
0.8799999999997681 -1.0829870699830129
0.8899999999997679 -1.089624001259246
0.8999999999997677 -1.0957272819673818
0.9099999999997674 -1.1012843540223622
0.9199999999997672 -1.1062840024286116
0.929999999999767 -1.1107163673760838
0.9399999999997668 -1.114572950559213
0.9499999999997666 -1.1178466157883158
0.9599999999997664 -1.1205315839920202
0.9699999999997662 -1.1226234227373673
0.979999999999766 -1.1241190304215456
0.9899999999997657 -1.1250166153152221
0.9999999999997655 -1.1253156696623905
1.0099999999997653 -1.1250169390651148
1.019999999999765 -1.1241223874036153
1.0299999999997649 -1.1226351575625497
1.0399999999997647 -1.1205595282530982
1.0499999999997645 -1.117900867237441
1.0599999999997642 -1.1146655812772364
1.069999999999764 -1.1108610631409437
1.0799999999997638 -1.1064956360159104
1.0899999999997636 -1.1015784956802865
1.0999999999997634 -1.0961196507968523
1.1099999999997632 -1.090129861695716
1.119999999999763 -1.0836205780157033
1.1299999999997627 -1.0766038755748637
1.1399999999997625 -1.069092392839114
1.1499999999997623 -1.0610992673545212
1.159999999999762 -1.0526380725031255
1.169999999999762 -1.0437227549346466
1.1799999999997617 -1.0343675730168456
1.1899999999997615 -1.0245870366359402
1.1999999999997613 -1.0143958486651958
1.209999999999761 -1.003808848404918
1.2199999999997608 -0.9928409572804735
1.2299999999997606 -0.9815071270669051
1.2399999999997604 -0.9698222908892029
1.2499999999997602 -0.9578013172265298
1.25999999999976 -0.9454589671268012
1.2699999999997598 -0.932809854815025
1.2799999999997596 -0.919868411855008
1.2899999999997593 -0.9066488549994776
1.2999999999997591 -0.8931651578384434
1.309999999999759 -0.8794310263300864
1.3199999999997587 -0.8654598782724907
1.3299999999997585 -0.8512648267485243
1.3399999999997583 -0.8368586675501164
1.349999999999758 -0.8222538705623013
1.3599999999997578 -0.8074625750618334
1.3699999999997576 -0.7924965888600664
1.3799999999997574 -0.7773673911952597
1.3899999999997572 -0.7620861392557592
1.399999999999757 -0.7466636781925537
1.4099999999997568 -0.7311105544578573
1.4199999999997566 -0.7154370322856409
1.4299999999997564 -0.6996531131104813
1.4399999999997561 -0.6837685577030181
1.449999999999756 -0.6677929107835943
1.4599999999997557 -0.6517355278605401
1.4699999999997555 -0.6356056040260527
1.4799999999997553 -0.6194122044308816
1.489999999999755 -0.6031642961489734
1.4999999999997549 -0.586870781135088
1.5099999999997546 -0.5705405299720641
1.5199999999997544 -0.5541824161000175
1.5299999999997542 -0.5378053502172426
1.539999999999754 -0.5214183145421014
1.5499999999997538 -0.5050303966264522
1.5599999999997536 -0.488650822414594
1.5699999999997534 -0.47228898824680265
1.5799999999997532 -0.4559544915136404
1.589999999999753 -0.4396571596760872
1.5999999999997527 -0.42340707737718253
1.6099999999997525 -0.40721461138320647
1.6199999999997523 -0.39109043310638425
1.629999999999752 -0.37504553847663047
1.6399999999997519 -0.3590912649467619
1.6499999999997517 -0.34323930543395553
1.6599999999997515 -0.32750171901973335
1.6699999999997512 -0.31189093825144454
1.679999999999751 -0.2964197729098932
1.6899999999997508 -0.28110141013028034
1.6999999999997506 -0.26594941078697143
1.7099999999997504 -0.25097770207646053
1.7199999999997502 -0.236200566257321
1.72999999999975 -0.22163262553061047
1.7399999999997497 -0.20728882306910457
1.7499999999997495 -0.19318440022867178
1.7599999999997493 -0.17933486999991666
1.769999999999749 -0.16575598678283376
1.779999999999749 -0.15246371259136082
1.7899999999997487 -0.13947417981843624
1.7999999999997485 -0.1268036507151159
1.8099999999997483 -0.11446847375952696
1.819999999999748 -0.1024850371126842
1.8299999999997478 -0.09086971937840793
1.8399999999997476 -0.0796388379036086
1.8499999999997474 -0.0688085948729723
1.8599999999997472 -0.05839502146842124
1.869999999999747 -0.04841392037860226
1.8799999999997468 -0.038880806956981706
1.8899999999997465 -0.029810849338739565
1.8999999999997463 -0.021218807836604903
1.9099999999997461 -0.01311897394390149
1.919999999999746 -0.005525109279382545
1.9299999999997457 0.0015496151871432495
1.9399999999997455 0.008092679286871518
1.9499999999997453 0.014092272839631548
1.959999999999745 0.01953735353631736
1.9699999999997448 0.02441770317862435
1.9799999999997446 0.028723981943809207
1.9899999999997444 0.03244778034927531
1.9999999999997442 0.03558166860078027
2.009999999999744 0.03811924301883285
2.019999999999744 0.04005516925041608
2.0299999999997436 0.04138522198745054
2.0399999999997434 0.042106320929315766
2.049999999999743 0.04221656274418084
2.059999999999743 0.04171524880284072
2.0699999999997427 0.04060290847902859
2.0799999999997425 0.03888131783168591
2.0899999999997423 0.03655351350740266
2.099999999999742 0.03362380172488855
2.109999999999742 0.030097762227992653
2.1199999999997416 0.025982247119129775
2.1299999999997414 0.021285374510998878
2.139999999999741 0.01601651696097406
2.149999999999741 0.010186284679422064
2.159999999999741 0.003806503530264127
2.1699999999997406 -0.0031098121307563398
2.1799999999997404 -0.010548491707571994
2.18999999999974 -0.01849424560568047
2.19999999999974 -0.026930707338594484
2.2099999999997397 -0.035840480347034465
2.2199999999997395 -0.04520518935373119
2.2299999999997393 -0.05500553605220082
2.239999999999739 -0.06522135890419434
2.249999999999739 -0.07583169679800505
2.2599999999997387 -0.08681485629837926
2.2699999999997384 -0.09814848219869254
2.2799999999997382 -0.109809631067319
2.289999999999738 -0.12177484746290679
2.299999999999738 -0.1340202424776602
2.3099999999997376 -0.14652157425376766
2.3199999999997374 -0.15925433010595258
2.329999999999737 -0.17219380987276134
2.339999999999737 -0.18531521011073449
2.3499999999997367 -0.19859370873909277
2.3599999999997365 -0.21200454973801963
2.3699999999997363 -0.22552312750108683
2.379999999999736 -0.23912507044185993
2.389999999999736 -0.2527863234562646
2.3999999999997357 -0.2664832288458445
2.4099999999997355 -0.2801926053126441
2.4199999999997353 -0.2938918246440587
2.429999999999735 -0.30755888571552314
2.439999999999735 -0.3211724854504463
2.4499999999997346 -0.3347120863901225
2.4599999999997344 -0.3481579805415633
2.469999999999734 -0.3614913491880818
2.479999999999734 -0.3746943183660494
2.4899999999997338 -0.3877500097313882
2.4999999999997335 -0.4006425865609824
2.5099999999997333 -0.41335729465715154
2.519999999999733 -0.4258804979475985
2.529999999999733 -0.4381997085985938
2.5399999999997327 -0.45030361148554743
2.5499999999997325 -0.4621820828923864
2.5599999999997323 -0.4738262033391685
2.569999999999732 -0.48522826446598466
2.579999999999732 -0.4963817699302826
2.5899999999997316 -0.5072814303041646
2.5999999999997314 -0.5179231519878118
2.609999999999731 -0.5283040201847615
2.619999999999731 -0.5384222760143418
2.6299999999997308 -0.5482772878657394
2.6399999999997306 -0.5578695171270336
2.6499999999997303 -0.567200478450836
2.65999999999973 -0.5762726947457135
2.66999999999973 -0.585089647109361
2.6799999999997297 -0.593655719945281
2.6899999999997295 -0.6019761415294034
2.6999999999997293 -0.6100569203165871
2.709999999999729 -0.6179047772990764
2.719999999999729 -0.6255270747496817
2.7299999999997286 -0.6329317417016156
2.7399999999997284 -0.640127196534416
2.749999999999728 -0.6471222670511365
2.759999999999728 -0.6539261084459567
2.769999999999728 -0.6605481195734209
2.7799999999997276 -0.6669978579406115
2.7899999999997274 -0.6732849538516774
2.799999999999727 -0.6794190241402167
2.809999999999727 -0.6854095859289604
2.8199999999997267 -0.6912659708581095
2.8299999999997265 -0.6969972402234181
2.8399999999997263 -0.7026121014627789
2.849999999999726 -0.7081188264255514
2.859999999999726 -0.7135251718523783
2.8699999999997257 -0.7188383024845133
2.8799999999997254 -0.7240647172110912
2.8899999999997252 -0.729210178650072
2.899999999999725 -0.734279646544054
2.909999999999725 -0.7392772153356624
2.9199999999997246 -0.7442060562690527
2.9299999999997244 -0.749068364344081
2.939999999999724 -0.7538653104281949
2.949999999999724 -0.7585969988080032
2.9599999999997237 -0.7632624304380506
2.9699999999997235 -0.7678594721185235
2.9799999999997233 -0.7723848318066999
2.989999999999723 -0.7768340402389373
2.999999999999723 -0.7812014390110897
3.0099999999997227 -0.785480175235513
3.0199999999997225 -0.789662202862458
3.0299999999997222 -0.7937382907227741
3.039999999999722 -0.7976980373175548
3.049999999999722 -0.8015298923489191
3.0599999999997216 -0.8052211849544983
3.0699999999997214 -0.8087581585767312
3.079999999999721 -0.8121260123667293
3.089999999999721 -0.815308948991547
3.0999999999997208 -0.8182902286832032
3.1099999999997205 -0.8210522293379809
3.1199999999997203 -0.8235765124454706
3.12999999999972 -0.8258438945986435
3.13999999999972 -0.8278345243091316
3.1499999999997197 -0.8295279638258912
3.1599999999997195 -0.8309032756307444
3.1699999999997193 -0.8319391132609546
3.179999999999719 -0.8326138160872012
3.189999999999719 -0.8329055076550516
3.1999999999997186 -0.8327921971795131
3.2099999999997184 -0.8322518837654713
3.219999999999718 -0.831262662911884
3.229999999999718 -0.829802834844608
3.2399999999997178 -0.8278510142116797
3.2499999999997176 -0.8253862406659125
3.2599999999997173 -0.8223880898526701
3.269999999999717 -0.8188367843158859
3.279999999999717 -0.8147133038326955
3.2899999999997167 -0.8099994946864111
3.2999999999997165 -0.8046781773892335
3.3099999999997163 -0.7987332523696749
3.319999999999716 -0.7921498031456455
3.329999999999716 -0.7849141965119233
3.3399999999997156 -0.7770141792808454
3.3499999999997154 -0.7684389711269841
3.359999999999715 -0.759179353100599
3.369999999999715 -0.749227751390539
3.379999999999715 -0.7385783159349868
3.3899999999997146 -0.7272269934979767
3.3999999999997144 -0.7151715948507877
3.409999999999714 -0.7024118557200767
3.419999999999714 -0.6889494911889498
3.4299999999997137 -0.6747882432627832
3.4399999999997135 -0.6599339213385944
3.4499999999997133 -0.6443944353448798
3.459999999999713 -0.6281798213480116
3.469999999999713 -0.6113022594513549
3.4799999999997127 -0.5937760838441934
3.4899999999997124 -0.5756177848890955
3.4999999999997122 -0.5568460031684386
3.509999999999712 -0.5374815154432728
3.519999999999712 -0.5175472125105207
3.5299999999997116 -0.4970680689772724
3.5399999999997114 -0.47607110500388194
3.549999999999711 -0.4545853401001878
3.559999999999711 -0.4326417390916433
3.5699999999997107 -0.4102731504040569
3.5799999999997105 -0.38751423684710984
3.5899999999997103 -0.3644013991075088
3.59999999999971 -0.34097269219253046
3.60999999999971 -0.3172677350937043
3.6199999999997097 -0.2933276139682337
3.6299999999997095 -0.26919477916252266
3.6399999999997092 -0.2449129364275473
3.649999999999709 -0.22052693269991097
3.659999999999709 -0.19608263684491933
3.6699999999997086 -0.17162681577900618
3.6799999999997084 -0.14720700640812168
3.689999999999708 -0.12287138383626406
3.699999999999708 -0.09866862631403583
3.7099999999997078 -0.07464777741101458
3.7199999999997075 -0.05085810590758255
3.7299999999997073 -0.02734896391186281
3.739999999999707 -0.004169643715263738
3.749999999999707 0.01863076609393466
3.7599999999997067 0.04100352473579727
3.7699999999997065 0.06290038303783341
3.7799999999997063 0.08427372640348219
3.789999999999706 0.10507671642794403
3.799999999999706 0.12526343064389256
3.8099999999997056 0.144788999886164
3.8199999999997054 0.16360974277322282
3.829999999999705 0.18168329681374462
3.839999999999705 0.198968745659311
3.8499999999997048 0.21542674203859236
3.8599999999997046 0.23101962592474534
3.8699999999997043 0.2457115375057829
3.879999999999704 0.25946852454740976
3.889999999999704 0.2722586437591927
3.8999999999997037 0.28405205579778986
3.9099999999997035 0.29482111356527013
3.9199999999997033 0.30454044348617304
3.929999999999703 0.31318701947382205
3.939999999999703 0.3207402293243444
3.9499999999997026 0.32718193330584766
3.9599999999997024 0.3324965147400115
3.969999999999702 0.33667092240399826
3.979999999999702 0.33969470461180834
3.989999999999702 0.34156003486599174
3.9999999999997016 0.34226172900275925
4.009999999999701 0.3417972537859625
4.019999999999701 0.34016672693792904
4.029999999999701 0.3373729086276894
4.039999999999701 0.33342118446953106
4.0499999999997005 0.32831954011694864
4.0599999999997 0.3220785275688298
4.0699999999997 0.3147112233359387
4.0799999999997 0.3062331786463772
4.0899999999997 0.29666236189853645
4.099999999999699 0.28601909359902206
4.109999999999699 0.27432597405101616
4.119999999999699 0.26160780408540435
4.129999999999699 0.24789149915267278
4.139999999999699 0.2332059971179382
4.149999999999698 0.21758216012443943
4.159999999999698 0.2010526709122621
4.169999999999698 0.18365192399900598
4.179999999999698 0.16541591214728313
4.1899999999996975 0.14638210856051148
4.199999999999697 0.12658934526314292
4.209999999999697 0.10607768813440654
4.219999999999697 0.08488830907557865
4.229999999999697 0.0630633557999245
4.2399999999996965 0.040645819741470746
4.249999999999696 0.017679402583957615
4.259999999999696 -0.005791618085682737
4.269999999999696 -0.029722523493814546
4.279999999999696 -0.054068288262076214
4.289999999999695 -0.07878371435326725
4.299999999999695 -0.1038235638845928
4.309999999999695 -0.12914269031860626
4.319999999999695 -0.15469616755112447
4.3299999999996945 -0.18043941642615857
4.339999999999694 -0.2063283282206002
4.349999999999694 -0.23231938465585
4.359999999999694 -0.2583697740098203
4.369999999999694 -0.2844375029206394
4.3799999999996935 -0.3104815034929036
4.389999999999693 -0.3364617353383583
4.399999999999693 -0.36233928220536904
4.409999999999693 -0.38807644287537046
4.419999999999693 -0.4136368160295403
4.429999999999692 -0.4389853788151843
4.439999999999692 -0.46408855886852285
4.449999999999692 -0.4889142995788107
4.459999999999692 -0.5134321184076125
4.4699999999996916 -0.5376131581068164
4.479999999999691 -0.5614302307091095
4.489999999999691 -0.5848578541953793
4.499999999999691 -0.607872281774424
4.509999999999691 -0.630451523741578
4.5199999999996905 -0.6525753619140289
4.52999999999969 -0.6742253566717662
4.53999999999969 -0.6953848466640538
4.54999999999969 -0.716038941271909
4.55999999999969 -0.7361745059472034
4.569999999999689 -0.7557801405786106
4.579999999999689 -0.774846151063433
4.589999999999689 -0.7933645142923633
4.599999999999689 -0.8113288367813507
4.609999999999689 -0.828734307210707
4.619999999999688 -0.8455776431564541
4.629999999999688 -0.8618570323224957
4.639999999999688 -0.8775720686043316
4.649999999999688 -0.8927236833358632
4.6599999999996875 -0.9073140720898603
4.669999999999687 -0.9213466174203262
4.679999999999687 -0.9348258079507241
4.689999999999687 -0.9477571542260974
4.699999999999687 -0.9601471017592906
4.709999999999686 -0.9720029417117773
4.719999999999686 -0.9833327196579766
4.729999999999686 -0.9941451428882757
4.739999999999686 -1.0044494867103908
4.749999999999686 -1.0142555002109988
4.759999999999685 -1.023573311939943
4.769999999999685 -1.0324133359775045
4.779999999999685 -1.0407861788415378
4.789999999999685 -1.0487025476854115
4.7999999999996845 -1.0561731602299924
4.809999999999684 -1.0632086568630439
4.819999999999684 -1.069819515327861
4.829999999999684 -1.0760159684092967
4.839999999999684 -1.0818079250100412
4.8499999999996835 -1.0872048949928277
4.859999999999683 -1.0922159181454685
4.869999999999683 -1.0968494976051677
4.879999999999683 -1.10111353805668
4.889999999999683 -1.1050152889954847
4.899999999999682 -1.1085612933224875
4.909999999999682 -1.1117573415109117
4.919999999999682 -1.1146084315589981
4.929999999999682 -1.1171187349142215
4.9399999999996815 -1.1192915685258695
4.949999999999681 -1.1211293731532896
4.959999999999681 -1.122633698026914
4.969999999999681 -1.1238051919285859
4.979999999999681 -1.1246436007267038
4.9899999999996805 -1.1251477713705391
4.99999999999968 -1.125315662316883
5.00999999999968 -1.1251443603310163
5.01999999999968 -1.1246301035730895
5.02999999999968 -1.1237683108504555
5.039999999999679 -1.1225536168864343
5.049999999999679 -1.1209799134265737
5.059999999999679 -1.1190403959748894
5.069999999999679 -1.116727615924702
5.0799999999996786 -1.1140335378221988
5.089999999999678 -1.1109496014750562
5.099999999999678 -1.107466788594449
5.109999999999678 -1.1035756936356964
5.119999999999678 -1.099266598481554
5.1299999999996775 -1.094529550592337
5.139999999999677 -1.0893544442290015
5.149999999999677 -1.0837311043390252
5.159999999999677 -1.0776493726805323
5.169999999999677 -1.0710991957475748
5.179999999999676 -1.0640707140490813
5.189999999999676 -1.0565543522854932
5.199999999999676 -1.048540909960845
5.209999999999676 -1.0400216519638366
5.219999999999676 -1.0309883986494564
5.229999999999675 -1.0214336149528869
5.239999999999675 -1.0113504980697696
5.249999999999675 -1.000733063241508
5.259999999999675 -0.9895762271909594
5.2699999999996745 -0.9778758887628141
5.279999999999674 -0.9656290063338986
5.289999999999674 -0.9528336715717998
5.299999999999674 -0.9394891791352422
5.309999999999674 -0.9255960919267836
5.319999999999673 -0.9111563015273014
5.329999999999673 -0.8961730834625896
5.339999999999673 -0.8806511469748295
5.349999999999673 -0.8645966789958344
5.359999999999673 -0.8480173820446646
5.369999999999672 -0.830922505799174
5.379999999999672 -0.8133228721194934
5.389999999999672 -0.7952308933308758
5.399999999999672 -0.7766605836039351
5.4099999999996715 -0.7576275633016423
5.419999999999671 -0.738149056194743
5.429999999999671 -0.7182438794798913
5.439999999999671 -0.697932426568165
5.449999999999671 -0.6772366426450114
5.4599999999996705 -0.6561799930364844
5.46999999999967 -0.6347874244501657
5.47999999999967 -0.6130853191927534
5.48999999999967 -0.5911014424993646
5.49999999999967 -0.5688648831423881
5.509999999999669 -0.5464059875196452
5.519999999999669 -0.5237562874529913
5.529999999999669 -0.5009484219586777
5.539999999999669 -0.4780160532801432
5.5499999999996685 -0.454993777501818
5.559999999999668 -0.4319170300892219
5.569999999999668 -0.4088219867257381
5.579999999999668 -0.3857454598400534
5.589999999999668 -0.36272479123998247
5.5999999999996675 -0.3397977412884239
5.609999999999667 -0.31700237507516404
5.619999999999667 -0.2943769460542913
5.629999999999667 -0.27195977763082746
5.639999999999667 -0.2497891431918573
5.649999999999666 -0.22790314508694354
5.659999999999666 -0.20633959306963146
5.669999999999666 -0.18513588271677084
5.679999999999666 -0.16432887434468535
5.6899999999996655 -0.143954772941296
5.699999999999665 -0.12404900963087995
5.709999999999665 -0.10464612518339889
5.719999999999665 -0.08577965607309945
5.729999999999665 -0.06748202358160993
5.7399999999996645 -0.04978442642882386
5.749999999999664 -0.03271673740080272
5.759999999999664 -0.016307404427511996
5.769999999999664 -0.0005833565447436184
5.779999999999664 0.014430084846013935
5.789999999999663 0.02870928902850045
5.799999999999663 0.042232392966591425
5.809999999999663 0.054979371902527774
5.819999999999663 0.06693210324563947
5.829999999999663 0.07807442346804971
5.839999999999662 0.08839217775460106
5.849999999999662 0.09787326218615111
5.859999999999662 0.10650765826849173
5.869999999999662 0.1142874596530864
5.8799999999996615 0.12120689093060855
5.889999999999661 0.127262318413651
5.899999999999661 0.13245225286079587
5.909999999999661 0.13677734413033238
5.919999999999661 0.14024036778817206
5.92999999999966 0.14284620373060353
5.93999999999966 0.14460180691849478
5.94999999999966 0.1455161703550354
5.95999999999966 0.14560028047403994
5.96999999999966 0.14486706514002712
5.979999999999659 0.14333133449454705
5.989999999999659 0.14100971491543746
5.999999999999659 0.13792057638664046
6.009999999999657 0.13408395360583902
6.0199999999996585 0.1295214611851837
6.02999999999966 0.12425620332686238
6.039999999999658 0.11831267837979853
6.049999999999656 0.11171667870655289
6.059999999999658 0.10449518631014354
6.069999999999659 0.09667626468909041
6.079999999999657 0.0882889474053199
6.089999999999655 0.07936312386361422
6.099999999999657 0.06992942281304693
6.109999999999658 0.06001909409001227
6.119999999999656 0.04966388912930164
6.129999999999654 0.03889594077395275
6.139999999999656 0.027747642916391535
6.1499999999996575 0.01625153050255057
6.1599999999996555 0.00444016042732609
6.1699999999996535 -0.007654006156049498
6.179999999999655 -0.019998719598495307
6.189999999999657 -0.032562055086026165
6.199999999999655 -0.0453125230489293
6.209999999999653 -0.05821917617446526
6.219999999999654 -0.0712517125661406
6.229999999999656 -0.08438057461265103
6.239999999999654 -0.09757704315159499
6.249999999999652 -0.11081332653707388
6.259999999999653 -0.12406264424611835
6.269999999999655 -0.1372993046865696
6.279999999999653 -0.15049877689815516
6.289999999999651 -0.16363775586913376
6.2999999999996525 -0.17669422122277623
6.309999999999654 -0.18964748906102957
6.319999999999652 -0.2024782567867367
6.32999999999965 -0.21516864076055353
6.339999999999652 -0.22770220668416719
6.349999999999653 -0.24006399263729528
6.359999999999651 -0.25224052473219494
6.369999999999649 -0.2642198253855147
6.379999999999651 -0.2759914142436165
6.389999999999652 -0.2875463018332791
6.39999999999965 -0.2988769760452712
6.409999999999648 -0.30997738159294586
6.41999999999965 -0.32084289262209964
6.4299999999996515 -0.33147027868136614
6.43999999999965 -0.3418576642943272
6.449999999999648 -0.3520044824051016
6.459999999999649 -0.3619114219983084
6.469999999999651 -0.37158037022189583
6.479999999999649 -0.38101434936716205
6.489999999999647 -0.3902174490841841
6.499999999999648 -0.3991947542328904
6.50999999999965 -0.40795226878989377
6.519999999999648 -0.4164968362488999
6.529999999999646 -0.4248360569678915
6.539999999999647 -0.4329782029293612
6.549999999999649 -0.44093213039049584
6.559999999999647 -0.44870719090842015
6.569999999999645 -0.4563131412312249
6.579999999999647 -0.46376005254860986
6.589999999999648 -0.4710582195966322
6.599999999999646 -0.478218070108986
6.609999999999644 -0.4852500751028015
6.619999999999646 -0.4921646604798642
6.629999999999647 -0.49897212041474925
6.639999999999645 -0.505682532989397
6.649999999999643 -0.5123056785194509
6.659999999999645 -0.5188509610010907
6.669999999999646 -0.5253273330884305
6.6799999999996444 -0.5317432249907035
6.6899999999996425 -0.5381064776557114
6.699999999999644 -0.5444242805813129
6.709999999999646 -0.5507031145704082
6.719999999999644 -0.5569486997169335
6.729999999999642 -0.5631659488809397
6.739999999999643 -0.5693589268801671
6.749999999999645 -0.57553081559377
6.759999999999643 -0.5816838851410555
6.769999999999641 -0.5878194712645721
6.779999999999642 -0.5939379590127691
6.789999999999644 -0.6000387727828391
6.799999999999642 -0.6061203727496602
6.80999999999964 -0.6121802576717341
6.8199999999996415 -0.6182149740304381
6.829999999999643 -0.6242201314243476
6.839999999999641 -0.6301904241065672
6.849999999999639 -0.6361196585196407
6.859999999999641 -0.6420007866502064
6.869999999999642 -0.6478259449941914
6.87999999999964 -0.6535864988930484
6.889999999999638 -0.6592730919726766
6.89999999999964 -0.6648757003892192
6.909999999999641 -0.6703836915602113
6.919999999999639 -0.6757858870355089
6.929999999999637 -0.6810706291403357
6.939999999999639 -0.6862258510026717
6.9499999999996405 -0.6912391495592649
6.9599999999996385 -0.6960978611187492
6.9699999999996365 -0.7007891390468961
6.979999999999638 -0.7053000331279027
6.98999999999964 -0.709617570146952
6.999999999999638 -0.71372883523306
7.009999999999636 -0.7176210534974945
7.019999999999637 -0.7212816715018442
7.029999999999639 -0.7246984380911501
7.039999999999637 -0.7278594841313475
7.049999999999635 -0.730753400696563
7.059999999999636 -0.7333693152606271
7.069999999999638 -0.7356969654583354
7.079999999999636 -0.7377267699955183
7.089999999999634 -0.7394498963028433
7.0999999999996355 -0.7408583245461913
7.109999999999637 -0.7419449076266305
7.119999999999635 -0.7427034268250203
7.129999999999633 -0.743128642770243
7.139999999999635 -0.7432163414357464
7.149999999999636 -0.742963374896308
7.159999999999634 -0.7423676966057053
7.169999999999632 -0.7414283909859227
7.179999999999634 -0.7401456971497336
7.189999999999635 -0.7385210266105544
7.199999999999633 -0.7365569748663969
7.209999999999631 -0.734257326778224
7.219999999999633 -0.7316270556970201
7.2299999999996345 -0.7286723163280096
7.2399999999996325 -0.7254004313547746
7.2499999999996305 -0.7218198718801427
7.259999999999632 -0.7179402317745591
7.269999999999634 -0.7137721960560239
7.279999999999632 -0.7093275034583275
7.28999999999963 -0.7046189033762209
7.299999999999631 -0.6996601074069284
7.309999999999633 -0.6944657357371222
7.319999999999631 -0.6890512586527149
7.329999999999629 -0.683432933475711
7.33999999999963 -0.6776277372574877
7.349999999999632 -0.6716532955813093
7.35999999999963 -0.665527807848316
7.369999999999628 -0.6592699694407687
7.3799999999996295 -0.6528988911736446
7.389999999999631 -0.6464340164608235
7.399999999999629 -0.6398950366348881
7.409999999999627 -0.6333018048700869
7.419999999999629 -0.6266742491659609
7.42999999999963 -0.6200322848547386
7.439999999999628 -0.6133957270985828
7.449999999999626 -0.6067842038433355
7.459999999999628 -0.6002170696934082
7.469999999999629 -0.5937133211678822
7.479999999999627 -0.5872915137908874
7.489999999999625 -0.580969681459867
7.499999999999627 -0.574765258523402
7.5099999999996285 -0.5686950049860857
7.5199999999996265 -0.5627749352413534
7.5299999999996245 -0.5570202507145652
7.539999999999626 -0.5514452767778368
7.549999999999628 -0.5460634042753374
7.559999999999626 -0.5408870359732258
7.569999999999624 -0.5359275382220743
7.579999999999625 -0.5311951980917109
7.589999999999627 -0.5266991862091359
7.599999999999625 -0.5224475254995353
7.609999999999623 -0.5184470659987443
7.619999999999624 -0.5147034658728904
7.629999999999626 -0.5112211787475118
7.639999999999624 -0.5080034474145076
7.649999999999622 -0.5050523039508812
7.6599999999996236 -0.502368576248664
7.669999999999625 -0.499951900920764
7.679999999999623 -0.49780074251304907
7.689999999999621 -0.4959124189188433
7.699999999999623 -0.49428313285844383
7.709999999999624 -0.49290800925336287
7.719999999999622 -0.4917811382930295
7.72999999999962 -0.49089562396074227
7.739999999999622 -0.4902436377559649
7.749999999999623 -0.48981647732172107
7.759999999999621 -0.48960462965909657
7.769999999999619 -0.48959783858572337
7.779999999999621 -0.4897851760718779
7.789999999999623 -0.49015511706649084
7.799999999999621 -0.4906956174060897
7.809999999999619 -0.49139419438261944
7.81999999999962 -0.49223800953124375
7.829999999999622 -0.4932139531867379
7.83999999999962 -0.4943087303469975
7.849999999999618 -0.49550894737457796
7.859999999999619 -0.496801199062072
7.869999999999621 -0.4981721555845695
7.879999999999619 -0.4996086488624023
7.889999999999617 -0.5010977578599398
7.899999999999618 -0.5026268923512798
7.90999999999962 -0.5041838746912406
7.919999999999618 -0.5057570191401828
7.929999999999616 -0.5073352083036506
7.939999999999618 -0.5089079662626792
7.949999999999619 -0.5104655279877841
7.959999999999617 -0.5119989046489231
7.969999999999615 -0.5134999444551993
7.979999999999617 -0.5149613886813964
7.989999999999618 -0.5163769225637389
7.999999999999616 -0.5177412207741805
8.009999999999614 -0.5190499872110896
8.019999999999616 -0.5202999888741306
8.029999999999617 -0.5214890836223598
8.039999999999615 -0.5226162416468916
8.049999999999613 -0.5236815605226857
8.059999999999615 -0.5246862737380369
8.069999999999617 -0.5256327526348845
8.079999999999615 -0.5265245017279749
8.089999999999613 -0.5273661474061235
8.099999999999614 -0.5281634200538625
8.109999999999616 -0.5289231296668429
8.119999999999614 -0.5296531350688911
8.129999999999612 -0.5303623068727599
8.139999999999613 -0.5310604843598767
8.149999999999615 -0.5317584264869208
8.159999999999613 -0.5324677572583565
8.169999999999611 -0.5332009057342113
8.179999999999612 -0.5339710409711045
8.189999999999614 -0.5347920022217107
8.199999999999612 -0.5356782247432876
8.20999999999961 -0.5366446615896148
8.219999999999612 -0.5377067017822741
8.229999999999613 -0.5388800852769231
8.239999999999611 -0.5401808151576142
8.24999999999961 -0.541625067507373
8.25999999999961 -0.5432290994161457
8.269999999999612 -0.5450091555976022
8.27999999999961 -0.546981374094268
8.289999999999608 -0.5491616915559296
8.29999999999961 -0.5515657485791428
8.309999999999611 -0.5542087955961028
8.31999999999961 -0.5571055997989214
8.329999999999607 -0.5602703535807039
8.339999999999609 -0.563716584967555
8.34999999999961 -0.5674570705060087
8.359999999999609 -0.5715037510582923
8.369999999999607 -0.5758676509433556
8.379999999999608 -0.5805588008449449
8.38999999999961 -0.5855861648890537
8.399999999999608 -0.5909575722722076
8.409999999999606 -0.5966796537990176
8.419999999999607 -0.6027577836627314
8.429999999999609 -0.6091960267760044
8.439999999999607 -0.615997091931092
8.449999999999605 -0.6231622910391843
8.459999999999607 -0.6306915046678592
8.469999999999608 -0.6385831540638538
8.479999999999606 -0.646834179815571
8.489999999999604 -0.6554400272762531
8.499999999999606 -0.6643946388346238
8.509999999999607 -0.6736904530853778
8.519999999999605 -0.6833184109171682
8.529999999999603 -0.6932679685010341
8.539999999999605 -0.703527117127551
8.549999999999606 -0.7140824098068437
8.559999999999604 -0.7249189945118104
8.569999999999602 -0.7360206539118255
8.579999999999604 -0.7473698514120066
8.589999999999606 -0.7589477832819729
8.599999999999604 -0.7707344366280311
8.609999999999602 -0.7827086529340703
8.619999999999603 -0.7948481968692374
8.629999999999605 -0.8071298300350112
8.639999999999603 -0.8195293893004867
8.6499999999996 -0.8320218693527548
8.659999999999602 -0.8445815090693327
8.669999999999604 -0.8571818813018028
8.679999999999602 -0.8697959856441786
8.6899999999996 -0.8823963437460203
8.699999999999601 -0.8949550967192677
8.709999999999603 -0.9074441041790016
8.719999999999601 -0.9198350444520489
8.729999999999599 -0.9320995154833436
8.7399999999996 -0.9442091359685054
8.749999999999602 -0.9561356462420778
8.7599999999996 -0.9678510084542258
8.769999999999598 -0.9793275055744617
8.7799999999996 -0.9905378387690205
8.789999999999601 -1.0014552227090756
8.7999999999996 -1.0120534783795396
8.809999999999597 -1.022307122973042
8.819999999999599 -1.0321914564705792
8.8299999999996 -1.0416826445292333
8.839999999999598 -1.0507577973180786
8.849999999999596 -1.0593950439658875
8.859999999999598 -1.0675736023083557
8.8699999999996 -1.0752738436481855
8.879999999999598 -1.0824773522683326
8.889999999999596 -1.0891669794668042
8.899999999999597 -1.0953268919106094
8.909999999999599 -1.1009426141365306
8.919999999999597 -1.1060010650571273
8.929999999999595 -1.1104905883617147
8.939999999999596 -1.1144009767337282
8.949999999999598 -1.1177234898378057
8.959999999999596 -1.1204508660618193
8.969999999999594 -1.1225773280308735
8.979999999999595 -1.124098581941782
8.989999999999597 -1.1250118107974898
8.999999999999595 -1.1253156616513096
9.009999999999593 -1.1250102270003437
9.019999999999595 -1.124097020496111
9.029999999999596 -1.1225789471678227
9.039999999999594 -1.1204602683800502
9.049999999999592 -1.1177465617713525
9.059999999999594 -1.1144446764437672
9.069999999999595 -1.1105626836948277
9.079999999999593 -1.1061098236036981
9.089999999999591 -1.1010964478011596
9.099999999999593 -1.0955339587694894
9.109999999999594 -1.0894347460323424
9.119999999999592 -1.0828121196070284
9.12999999999959 -1.075680241101511
9.139999999999592 -1.0680540528463789
9.149999999999594 -1.0599492054576836
9.159999999999592 -1.051381984229962
9.16999999999959 -1.042369234760048
9.179999999999591 -1.0329282882012991
9.189999999999593 -1.0230768865446596
9.19999999999959 -1.0128331083176576
9.209999999999589 -1.0022152950850185
9.21999999999959 -0.9912419791250437
9.229999999999592 -0.9799318126443795
9.23999999999959 -0.9683034988803472
9.249999999999588 -0.956375725424754
9.25999999999959 -0.9441671000860958
9.269999999999591 -0.9316960895884157
9.279999999999589 -0.9189809613847897
9.289999999999587 -0.9060397288420328
9.299999999999589 -0.8928901000302227
9.30999999999959 -0.8795494303267564
9.319999999999588 -0.8660346790195814
9.329999999999586 -0.8523623700685548
9.339999999999588 -0.8385485571572919
9.34999999999959 -0.8246087931408856
9.359999999999587 -0.8105581039673484
9.369999999999585 -0.7964109671230866
9.379999999999587 -0.7821812946249529
9.389999999999588 -0.7678824205537993
9.399999999999586 -0.7535270930970261
9.409999999999584 -0.7391274710407196
9.419999999999586 -0.7246951246255677
9.429999999999588 -0.7102410406549353
9.439999999999586 -0.6957756317186932
9.449999999999584 -0.6813087493724899
9.459999999999585 -0.6668497010894625
9.469999999999587 -0.6524072707797808
9.479999999999585 -0.637989742653323
9.489999999999583 -0.6236049281821161
9.499999999999584 -0.6092601959021069
9.509999999999586 -0.5949625037783457
9.519999999999584 -0.5807184338439986
9.529999999999582 -0.5665342288117834
9.539999999999583 -0.5524158303464723
9.549999999999585 -0.5383689186790033
9.559999999999583 -0.524398953236674
9.569999999999581 -0.5105112139599219
9.579999999999583 -0.49671084297407475
9.589999999999584 -0.483002886284444
9.599999999999582 -0.4693923351651068
9.60999999999958 -0.4558841669157685
9.619999999999582 -0.44248338466702286
9.629999999999583 -0.4291950559222144
9.639999999999581 -0.41602434953383693
9.64999999999958 -0.4029765708240407
9.659999999999581 -0.39005719457212784
9.669999999999582 -0.3772718956068408
9.67999999999958 -0.3646265767578214
9.689999999999579 -0.35212739393866044
9.69999999999958 -0.339780778153302
9.709999999999582 -0.3275934542381902
9.71999999999958 -0.3155724561742401
9.729999999999578 -0.3037251388255229
9.73999999999958 -0.2920591859850834
9.74999999999958 -0.2805826146326277
9.759999999999579 -0.2693037753336681
9.769999999999577 -0.2582313487350505
9.779999999999578 -0.24737433813738763
9.78999999999958 -0.23674205815058613
9.799999999999578 -0.2263441194643676
9.809999999999576 -0.21619040979121373
9.819999999999578 -0.20629107106440203
9.829999999999579 -0.19665647299846256
9.839999999999577 -0.18729718314354427
9.849999999999575 -0.17822393358856403
9.859999999999577 -0.16944758449048591
9.869999999999578 -0.1609790846285335
9.879999999999576 -0.15282942920242604
9.889999999999574 -0.14500961511283816
9.899999999999576 -0.13753059397991385
9.909999999999577 -0.13040322317187758
9.919999999999575 -0.12363821513036932
9.929999999999573 -0.11724608529212244
9.939999999999575 -0.11123709891781486
9.949999999999577 -0.10562121714829087
9.959999999999575 -0.10040804261592307
9.969999999999573 -0.09560676494451437
9.979999999999574 -0.09122610647480178
9.989999999999576 -0.08727426855436793
