2.332197657545916236e+00
5.753080468605628051e-01
1.898944002347264126e+00
-2.264427964788411796e+00
-2.604287533335394755e+00
1.915347367102802956e+00
-2.863838481620877729e+00
5.407346546376098212e-02
-2.777157250494175500e+00
-1.594213629338689264e+00
1.227288096774998838e+00
2.943126399488481315e+00
4.474034740517957576e-01
-1.777056886806084313e+00
-1.916468998265539625e+00
-6.510362139920166102e-01
2.217633590115221320e+00
3.060359978535464265e+00
-1.340337781518197158e+00
-7.141682010414454052e-01
-2.973543200495225580e-01
3.141592653589793116e+00
2.903823584806875413e+00
-5.780112746647136923e-01
8.558579782766061461e-01
1.673298945833280316e-01
-2.572578595899221110e+00
2.322441360264637933e-01
2.232466422642175541e+00
-1.557343299713972229e+00
