0 0 1.015119 +/- 0.000000 
0 1 0.481456 +/- 0.000000 
0 2 -0.014870 +/- 0.000000 
0 3 0.516526 +/- 0.000000 
1 0 0.481456 +/- 0.000000 
1 1 1.060938 +/- 0.000000 
1 2 0.539126 +/- 0.000000 
1 3 0.007272 +/- 0.000000 
2 0 -0.014870 +/- 0.000000 
2 1 0.539126 +/- 0.000000 
2 2 0.964211 +/- 0.000000 
2 3 0.391912 +/- 0.000000 
3 0 0.516526 +/- 0.000000 
3 1 0.007272 +/- 0.000000 
3 2 0.391912 +/- 0.000000 
3 3 0.959732 +/- 0.000000 
trace (sum diag) 4.000000 
trace (sum eigs) 4.000000 
occupation numbers [0.03140727 0.90611984 1.09438217 1.96809072] 
