0 0 1.061169 +/- 0.000000 
0 1 0.496560 +/- 0.000000 
0 2 0.061215 +/- 0.000000 
0 3 0.488158 +/- 0.000000 
1 0 0.496560 +/- 0.000000 
1 1 0.938607 +/- 0.000000 
1 2 0.488059 +/- 0.000000 
1 3 -0.061189 +/- 0.000000 
2 0 0.061215 +/- 0.000000 
2 1 0.488059 +/- 0.000000 
2 2 1.061460 +/- 0.000000 
2 3 0.496696 +/- 0.000000 
3 0 0.488158 +/- 0.000000 
3 1 -0.061189 +/- 0.000000 
3 2 0.496696 +/- 0.000000 
3 3 0.938791 +/- 0.000000 
trace (sum diag) 4.000028 
trace (sum eigs) 4.000028 
occupation numbers [0.00769229 0.99147409 1.0085134  1.99234831] 
