4.565817416372329632e-08
-2.594446062035059438e-07
3.613334158354346511e-07
-8.091602220738911694e-08
-8.613070371789116753e-08
1.872202054435188464e-07
-3.953391896608578728e-07
1.581142261093914545e-07
-7.182406393060467541e-03
-1.157514737530001563e-06
-1.672357590658493492e-07
1.260039456112277134e-01
-5.774229560785883729e-07
-4.581312272691275000e-02
6.147012697669250458e-02
-1.322684223171268899e-06
8.657039267264701458e-09
6.147143706372290572e-02
-7.565972075483801129e-01
1.845691982276976963e-08
1.656157330491944135e-01
-2.191336093469649113e-07
-2.345866444189832464e-07
-7.958146774184646222e-03
8.854705708385209040e-02
8.854689218330814848e-02
