0 0 1.000000 +/- 0.000000 
0 1 0.458362 +/- 0.000000 
0 2 -0.000014 +/- 0.000000 
0 3 0.490629 +/- 0.000000 
1 0 0.458362 +/- 0.000000 
1 1 1.000000 +/- 0.000000 
1 2 0.490629 +/- 0.000000 
1 3 -0.000014 +/- 0.000000 
2 0 -0.000014 +/- 0.000000 
2 1 0.490629 +/- 0.000000 
2 2 1.000000 +/- 0.000000 
2 3 0.458362 +/- 0.000000 
3 0 0.490629 +/- 0.000000 
3 1 -0.000014 +/- 0.000000 
3 2 0.458362 +/- 0.000000 
3 3 1.000000 +/- 0.000000 
trace (sum diag) 4.000000 
trace (sum eigs) 4.000000 
occupation numbers [0.0509959  0.9677468  1.03228085 1.94897645] 
