6.357131133629247977e-01
-3.678190542754710690e-01
-3.134975633924001137e+00
-5.897963784151938338e-01
-1.529107514441546245e+00
-1.043727366020050340e+00
-5.166226180516646505e-01
-2.227428072591695951e+00
-2.417704042856530788e-01
1.766204830027630068e+00
-3.141592653589793116e+00
3.141592653589793116e+00
3.141592653589793116e+00
-1.602290190569402029e+00
-5.667843262745396737e-01
-5.207767214674160483e-01
-3.035620925635961864e+00
2.997213338197477039e+00
-1.551271589994665856e+00
5.904000308099777161e-01
5.999883587379232219e-01
2.618742374608391099e+00
1.566076265435481618e+00
-4.513881860592214856e-01
2.278485777356564768e+00
5.839172977051467761e-01
2.146558780082608475e+00
3.141395245202006858e+00
-1.623349528099542027e+00
-2.265147025578226003e+00
-1.391935051099049414e-01
3.141592653589793116e+00
